Key Min_rx P5_rx Median_rx P90_rx P95_rx P99_rx Max_rx Min_tx P5_tx Median_tx P90_tx P95_tx P99_tx Max_tx
0 8.64787245733 8.66279521165 8.83275787468 8.96445393142 9.04076536595 9.10181451357 9.11707680048 10.2382023481 10.2592024121 10.6523184658 11.0765296513 11.3614845464 11.5894484626 11.6464394416
50 8.67339396895 8.67727452182 8.7724711623 8.9404391313 8.96695740479 8.98817202357 8.99347567827 10.2149815628 10.2277564116 10.5113075607 10.7094257175 10.8382462654 10.9413027038 10.9670668134
100 11.1071734997 11.1083511643 11.1279821324 11.1850661696 11.1922022752 11.1979111597 11.1993383808 39.1537285049 39.1662097629 39.2238200951 39.2476863841 39.2500075352 39.2518644561 39.2523286863
150 9.2425957425 9.2552755987 9.30222581261 9.33791508312 9.3392415018 9.34030263674 9.34056792048 39.9159363941 39.9200923345 39.9474563762 39.9591586993 39.9596848018 39.9601056838 39.9602109043
200 7.76882991282 7.77212257741 7.80009368919 7.83081575353 7.83636874223 7.84081113319 7.84192173093 40.3588399307 40.3631306601 40.3714846803 40.3770107522 40.3832360699 40.3882163241 40.3894613877
250 6.78930792676 6.79235969006 6.82261479971 6.84069328762 6.84643474005 6.85102790199 6.85217619247 40.6335100846 40.637598332 40.664523024 40.6699321958 40.6708187775 40.6715280429 40.6717053592
300 5.99247545034 6.00689595163 6.04728305274 6.05394217619 6.05641652632 6.05839600643 6.05889087646 40.8600751647 40.8601531097 40.8699139107 40.8876379962 40.8886186734 40.8894032152 40.8895993506
350 5.40091306204 5.40152387198 5.41326518217 5.41969610501 5.4204172392 5.42099414654 5.42113837338 41.0294494836 41.0296470164 41.052097497 41.0568318665 41.0581498696 41.0592042721 41.0594678727
400 4.8801799861 4.88097939643 4.89643324301 4.90381823438 4.90425791044 4.90460965129 4.9046975865 41.2040972939 41.2041987569 41.2089885599 41.2219038544 41.2231387553 41.2241266759 41.2243736561
450 4.43639888354 4.4457542483 4.4693257483 4.4731457754 4.47471845715 4.47597660254 4.47629113889 41.3108845703 41.3172757675 41.3387820149 41.3489062117 41.3508491486 41.3524034982 41.3527920856
500 4.10735544139 4.10924732519 4.11570677768 4.11748208098 4.11754090047 4.11758795606 4.11759971996 41.3884014404 41.3992718837 41.4310497651 41.4410611786 41.4504291043 41.4579234449 41.45979703
550 3.78642447363 3.79438070673 3.80833310541 3.81033822035 3.81053001466 3.8106834501 3.81072180896 41.4963761665 41.500883839 41.5171367251 41.5304212815 41.5385674312 41.545084351 41.5467135809
600 3.54258037933 3.54269041815 3.54593469365 3.54752980065 3.5475398387 3.54754786914 3.54754987675 41.5818608831 41.5820323215 41.5927161528 41.6192794515 41.6237799365 41.6273803245 41.6282804215
650 3.31169604551 3.31361907719 3.31748872796 3.32003321977 3.32019628124 3.32032673042 3.32035934271 41.6274857692 41.6374808896 41.6612568755 41.6727494522 41.6749120103 41.6766420567 41.6770745683
700 3.11462909147 3.11584775838 3.11875812903 3.11928567949 3.11932830264 3.11936240116 3.11937092579 41.7034549805 41.7091154146 41.7294407721 41.7490887954 41.7524529669 41.7551443041 41.7558171384
750 2.93840240914 2.93845598187 2.93960994353 2.94124466291 2.94133103812 2.9414001383 2.94141741334 41.7195863081 41.731165784 41.7756297484 41.7918114231 41.7984071265 41.8036836892 41.8050028299
800 2.77371927858 2.77591762122 2.78157783419 2.78177212573 2.78182147776 2.78186095938 2.78187082979 41.7793764851 41.7794163785 41.8086843894 41.8290179565 41.8378443365 41.8449054404 41.8466707164
850 2.58883882191 2.60538565223 2.63905893039 2.6394242765 2.63948465439 2.6395329567 2.63954503228 41.8370702023 41.8385715033 41.8572874619 41.8755004018 41.8765621555 41.8774115585 41.8776239093
900 2.50887302174 2.50901508099 2.51005181757 2.51079302567 2.51086722947 2.51092659251 2.51094143327 41.8139545513 41.8269060276 41.8831786007 41.9112907223 41.9131468487 41.9146317499 41.9150029752
950 2.39007208016 2.39104847629 2.39379582587 2.39401265816 2.39401784527 2.39402199495 2.39402303237 41.8845973912 41.8884002777 41.9210576712 41.9434093363 41.9446657846 41.9456709432 41.9459222329
1000 2.28464973909 2.28493072752 2.28691253569 2.28803859268 2.28819356345 2.28831754007 2.28834853422 41.8774732728 41.8986341507 41.9568129107 41.9749902882 41.9818215793 41.9872866121 41.9886528703
1050 2.15870190292 2.16824562884 2.18968021369 2.19068115228 2.19089078506 2.19105849129 2.19110041785 41.906763448 41.9301674783 42.0061386927 42.0209831678 42.0249862598 42.0281887334 42.0289893518
1100 2.09901888331 2.09919412479 2.10036769017 2.10084526548 2.10086679107 2.10088401153 2.10088831665 41.9400000892 41.9567221863 42.0214659426 42.0381688822 42.044446605 42.0494687832 42.0507243278
1150 2.01666315162 2.01697312794 2.01801664292 2.0182980656 2.01836610453 2.01842053567 2.01843414346 41.9720174608 41.9852472492 42.0520520745 42.0681760893 42.0694315558 42.0704359291 42.0706870224
1200 1.94096968915 1.9411036762 1.94183868745 1.94205149076 1.94205825701 1.94206367001 1.94206502326 41.9974800067 42.0050426815 42.0506638168 42.0782120696 42.0820090415 42.0850466191 42.0858060135
1250 1.86899585509 1.86935197725 1.87102722843 1.87155397205 1.87158790711 1.87161505516 1.87162184217 42.0461004272 42.0519028743 42.0682234554 42.1045277224 42.1086391062 42.1119282132 42.11275049
1300 1.80504043005 1.8051139609 1.80591712913 1.80608250027 1.80608827431 1.80609289353 1.80609404834 42.0787466486 42.0802182583 42.0968041248 42.1121465166 42.1125481124 42.112869389 42.1129497082
1350 1.7440168883 1.74408818714 1.744389552 1.74483731249 1.74485064875 1.74486131775 1.744863985 42.0811865355 42.0851671478 42.1206611137 42.1429549269 42.151464668 42.1582724609 42.1599744091
1400 1.68689945321 1.68702325196 1.68740925606 1.68761983684 1.68764941313 1.68767307415 1.68767898941 42.0190335753 42.0264982287 42.123432536 42.170317571 42.1770326815 42.1824047699 42.183747792
1450 1.63293539575 1.63314223988 1.63381122876 1.63388047851 1.63393377727 1.63397641627 1.63398707602 42.1113329818 42.1205334021 42.1464499419 42.1582235723 42.1651246346 42.1706454844 42.1720256968
1500 1.58141101397 1.58188879931 1.58323154356 1.58362089933 1.58367308997 1.58371484247 1.5837252806 42.1296001392 42.1389111426 42.1727777454 42.1858003804 42.1888348547 42.1912624341 42.191869329
1550 1.53570021445 1.5357279425 1.53582792079 1.53601660371 1.53604370726 1.5360653901 1.53607081081 42.1719301038 42.1731499023 42.1870546542 42.2131101733 42.2256690894 42.2357162223 42.2382280055
1600 1.49101793011 1.49102285607 1.49142073024 1.4916528002 1.49174198669 1.49181333589 1.49183117319 42.170019778 42.1703308522 42.1945327943 42.2131952166 42.2171007111 42.2202251068 42.2210062057
1650 1.44876273301 1.44876681122 1.44905979033 1.44942090885 1.44946357265 1.44949770368 1.44950623644 42.1396460026 42.1550528588 42.1948354769 42.2194168433 42.2197584193 42.2200316802 42.2200999954
1700 1.4080908941 1.40815942032 1.40949116682 1.40958774842 1.40963646631 1.40967544062 1.4096851842 42.1379869892 42.1628299392 42.2196047566 42.2441187839 42.2499456268 42.254607101 42.2557724696
1750 1.32712939144 1.34278696175 1.3719678265 1.37213800806 1.37222424752 1.37229323909 1.37231048698 42.1914029357 42.1929134462 42.2230482385 42.2356636518 42.2370763489 42.2382065067 42.2384890461
1800 1.33561865335 1.33583199671 1.33627369905 1.33639058752 1.3364664152 1.33652707734 1.33654224288 42.1895686661 42.1936562116 42.2195423608 42.2507011312 42.2574435857 42.2628375494 42.2641860403
1850 1.30209451594 1.30210100227 1.30247538964 1.30271666886 1.30273602336 1.30275150696 1.30275537786 42.1967486877 42.2066185471 42.2519157735 42.2699206629 42.2730785726 42.2756049004 42.2762364824
1900 1.26977174211 1.26980836738 1.27022316463 1.27034913132 1.27038192327 1.27040815683 1.27041471522 42.2026466195 42.2089288558 42.2554267175 42.2844282453 42.2955066609 42.3043693933 42.3065850764
1950 1.23910192989 1.23917520258 1.2395122206 1.23956887575 1.23957602575 1.23958174574 1.23958317574 42.2372687469 42.2400668083 42.2540861014 42.2749630616 42.2762968211 42.2773638287 42.2776305806
