Key Min_rx P5_rx Median_rx P90_rx P95_rx P99_rx Max_rx Min_tx P5_tx Median_tx P90_tx P95_tx P99_tx Max_tx
0 7.78205845837 7.79131837849 7.83240215783 7.90221368903 7.94401829188 7.97746197415 7.98582289472 28.4089379194 28.4089425075 28.4089863308 28.4090282472 28.4090289219 28.4090294617 28.4090295966
50 7.71428348318 7.75750296935 7.88777515766 7.89707086031 7.899854218 7.90208090416 7.9026375757 28.3798748898 28.3915081735 28.4089915289 28.4090215322 28.4090321098 28.4090405719 28.4090426874
100 7.76739367376 7.77696499066 7.84894236851 7.88898755134 7.89705431743 7.9035077303 7.90512108352 28.4089229555 28.4089332 28.4089843352 28.4090248048 28.4090280534 28.4090306523 28.409031302
150 7.5164610226 7.5233133783 7.56140718972 7.58811347895 7.5981359095 7.60615385394 7.60815834005 28.4088829846 28.408889823 28.4089633392 28.4090261337 28.4090747098 28.4091135707 28.4091232859
200 6.63423894299 6.63564987174 6.65546591633 6.68132919746 6.69741786023 6.71028879045 6.713506523 28.4089481116 28.4089481138 28.4089544333 28.4090131253 28.4090136188 28.4090140137 28.4090141124
250 5.87265954203 5.87519052083 5.89021767835 5.91159649928 5.91440892502 5.91665886561 5.91722135076 28.4089307847 28.4089351613 28.4089649851 28.4089963112 28.4090005259 28.4090038977 28.4090047406
300 5.26617829693 5.26656748503 5.28029561888 5.34291732678 5.35796149607 5.3699968315 5.37300566536 28.4089203918 28.4089231996 28.4089580761 28.4089859689 28.4089945638 28.4090014396 28.4090031586
350 4.77267532628 4.77369897186 4.78954016893 4.79583988226 4.79757653237 4.79896585246 4.79931318248 28.4089216686 28.4089288028 28.4089540074 28.4089722773 28.4089729737 28.4089735308 28.4089736701
400 4.33057518563 4.33355894202 4.37944250407 4.39983558866 4.41563020603 4.42826589993 4.43142482341 28.4089254404 28.4089281956 28.4089614712 28.4090040569 28.4090159746 28.4090255088 28.4090278924
450 3.94477329204 3.94479378244 3.99009976816 4.01719432549 4.01790991264 4.01848238236 4.01862549979 28.4089296259 28.4089302909 28.4089751412 28.4090120332 28.4090252541 28.4090358309 28.4090384751
500 3.60439541105 3.62088451101 3.72573985895 3.73919972565 3.74164556652 3.74360223922 3.7440914074 28.4029952904 28.4053731844 28.4089583557 28.4089832945 28.4089935935 28.4090018327 28.4090038925
550 3.41318182957 3.43530902678 3.48665916583 3.49544721188 3.4964413873 3.49723672764 3.49743556272 28.4089290319 28.4089307116 28.4089563512 28.4089848728 28.4089996064 28.4090113933 28.40901434
600 3.2238178529 3.22513773272 3.25646307853 3.26156802903 3.2625201977 3.26328193263 3.26347236636 28.4089123694 28.4089200055 28.4089562546 28.4089731483 28.4089745654 28.4089756991 28.4089759825
650 2.99377738577 3.00334047703 3.04101591131 3.05688906746 3.06119170737 3.0646338193 3.06549434728 28.4089420919 28.4089422902 28.4089668137 28.4089842307 28.4089898488 28.4089943433 28.4089954669
700 2.78932160068 2.79653152006 2.84971315967 2.88434749467 2.88556320092 2.88653576592 2.88677890717 28.4089083712 28.4089109288 28.408959247 28.4089854907 28.4089858484 28.4089861346 28.4089862061
750 2.53015343471 2.55027710761 2.70048548666 2.73744952518 2.73958600049 2.74129518075 2.74172247581 28.4089207678 28.4089302976 28.4089614577 28.4090017085 28.4090157107 28.4090269125 28.4090297129
800 2.5650222619 2.56584851986 2.57908806983 2.58769061247 2.5896488413 2.59121542436 2.59160707013 28.4089047103 28.4089170045 28.4089512435 28.4089737882 28.4089797399 28.4089845013 28.4089856917
850 2.38562994077 2.39412621507 2.46152969449 2.47082283013 2.47168578436 2.47237614774 2.47254873858 28.4089379399 28.4089401233 28.4089633215 28.4089827287 28.4089896691 28.4089952214 28.4089966095
900 2.27117253799 2.27302309455 2.3032745597 2.34671744507 2.35167666472 2.35564404044 2.35663588437 28.4089137304 28.4089265062 28.4089617371 28.4089814655 28.409001637 28.4090177742 28.4090218085
950 2.12075140415 2.14027740663 2.23081613772 2.25472420368 2.26429516374 2.27195193179 2.2738661238 28.4088925257 28.4089138927 28.408964191 28.4089807988 28.4089838287 28.4089862527 28.4089868587
1000 2.0375635023 2.06920211314 2.12398280485 2.15248699423 2.15367473088 2.1546249202 2.15486246753 28.4088997289 28.4089083935 28.4089409305 28.4089878795 28.4090012391 28.4090119268 28.4090145987
1050 1.88301204419 1.9087306537 2.00489817201 2.04381360776 2.04694381285 2.04944797692 2.05007401794 28.4089081828 28.408916874 28.4089469687 28.4089763007 28.4089805614 28.4089839699 28.408984822
1100 1.89458055919 1.90855386283 1.97466263631 1.9875266305 1.98848494448 1.98925159566 1.98944325846 28.4089175286 28.4089303843 28.4089534334 28.4089831863 28.4089851753 28.4089867665 28.4089871643
1150 1.83863920868 1.84053105062 1.8839768094 1.90987008425 1.91125062265 1.91235505337 1.91263116105 28.4089123739 28.4089164151 28.4089490231 28.4089678947 28.4089704046 28.4089724124 28.4089729144
1200 1.73217242529 1.74462057769 1.77906588176 1.83233578152 1.83414828683 1.83559829107 1.83596079213 28.4089163575 28.4089227505 28.4089508022 28.4089859795 28.4089879804 28.4089895811 28.4089899813
1250 1.66974648758 1.69578701474 1.77038367647 1.77981977219 1.78514435054 1.78940401323 1.7904689289 28.4089094892 28.4089115894 28.4089335879 28.4089732888 28.4089816037 28.4089882557 28.4089899187
1300 1.60086790717 1.61249447503 1.66503994253 1.70749829682 1.70825056603 1.70885238139 1.70900283523 28.4089132822 28.4089166063 28.4089450593 28.408976146 28.4089804104 28.4089838219 28.4089846748
1350 1.57948761919 1.57968149171 1.61606360402 1.65110115915 1.65350123954 1.65542130386 1.65590131994 28.4089255926 28.4089320371 28.4089713234 28.4089950155 28.409000249 28.4090044358 28.4090054825
1400 1.3647931977 1.41628601793 1.58649442411 1.60364969477 1.60519084682 1.60642376845 1.60673199886 28.4089356725 28.4089387479 28.4089618462 28.4089752289 28.4089799532 28.4089837327 28.4089846776
1450 1.45610966864 1.46735285034 1.52092121045 1.54909347204 1.55189201726 1.55413085344 1.55469056248 28.4089335244 28.4089364005 28.4089558258 28.4089980918 28.4090002481 28.4090019731 28.4090024044
1500 1.42239818671 1.43626456979 1.47365601915 1.5106221687 1.51123329931 1.51172220381 1.51184442993 28.4089201069 28.408930445 28.4089629056 28.4090013936 28.4090015127 28.409001608 28.4090016318
1550 1.35786321282 1.36132842459 1.43577053982 1.44074971736 1.44329499729 1.44533122124 1.44584027723 28.3501530146 28.373658452 28.4089571291 28.4090044165 28.4090106288 28.4090155987 28.4090168412
1600 1.32827927011 1.35378307713 1.39659357256 1.4150864286 1.41534357565 1.4155492933 1.41560072271 28.4089164982 28.4089217334 28.40897235 28.4090061095 28.4090257369 28.4090414388 28.4090453643
1650 1.29968510255 1.30794061513 1.33736544219 1.37910379471 1.38176464988 1.38389333401 1.38442550504 28.4089254075 28.4089259803 28.4089615095 28.4089895845 28.4089909165 28.4089919821 28.4089922485
1700 1.25591697427 1.27282781519 1.319016162 1.34018054908 1.34387907988 1.34683790452 1.34757761068 28.4089164341 28.4089165318 28.4089417191 28.4089696855 28.4089834891 28.408994532 28.4089972927
1750 1.24013890025 1.25304002541 1.27896661765 1.30202899892 1.30756581317 1.31199526457 1.31310262742 28.408931111 28.4089375088 28.4089565436 28.4089677797 28.408974347 28.4089796009 28.4089809144
1800 1.21170152045 1.21193830717 1.24274106713 1.25862613448 1.26560927498 1.27119578738 1.27259241548 28.4089174913 28.4089178404 28.4089470389 28.4090000833 28.4090074176 28.409013285 28.4090147519
1850 0.986324223756 1.05397033408 1.22901407096 1.24401426586 1.24511995845 1.24600451251 1.24622565103 28.4089184667 28.408929555 28.4089659046 28.4090130769 28.4090131562 28.4090132196 28.4090132355
1900 1.16739748227 1.17272283711 1.19254830619 1.20976733749 1.21023024278 1.21060056701 1.21069314807 28.4089245696 28.4089249536 28.4089466441 28.4089926189 28.4089946666 28.4089963048 28.4089967144
1950 1.11606846212 1.12447434196 1.18416951419 1.18722650698 1.19151643284 1.19494837353 1.1958063587 28.4089297143 28.4089319022 28.4089488047 28.4089691208 28.4089798735 28.4089884756 28.4089906261
