Key Min_rx P5_rx Median_rx P90_rx P95_rx P99_rx Max_rx Min_tx P5_tx Median_tx P90_tx P95_tx P99_tx Max_tx
0 6.73248113624 7.00082136556 8.12401685176 8.16375504705 8.19795902876 8.22532221412 8.23216301046 39.6242675639 39.6723112735 39.9666414349 40.3266762296 40.4254722405 40.5045090492 40.5242682514
50 5.71002769784 6.10785771219 7.905440759 8.14139180562 8.15673380271 8.16900740037 8.17207579979 39.9388952742 39.9410632537 40.0505616275 40.5650813215 40.7031472848 40.8136000554 40.8412132481
100 7.2306518429 7.39143642369 7.77549742033 8.02397419141 8.06442091498 8.09677829383 8.10486763854 39.9863952321 40.0024977363 40.1319357636 40.2266220141 40.3027789798 40.3637045523 40.3789359454
150 5.85178584739 6.42253230752 7.42453747239 7.88642189015 7.8886381176 7.89041109955 7.89085434504 40.0927525807 40.0927778063 40.2681032218 40.3999331821 40.5976407508 40.7558068058 40.7953483195
200 1.84450982751 1.85799530117 1.95345996085 2.07896756969 2.08783686116 2.09493229433 2.09670615262 42.0492612261 42.0587973994 42.1079085694 42.1349299266 42.1352202149 42.1354524455 42.1355105032
250 2.01084018527 2.05393393573 2.12891196026 2.18230638158 2.18817560987 2.1928709925 2.19404483816 41.9806112542 41.9892042222 42.0501363061 42.0750637693 42.081778683 42.087150614 42.0884935967
300 2.17323239982 2.18498756269 2.24133158726 2.26277943632 2.27354901437 2.28216467682 2.28431859243 41.9663932002 41.9767797152 42.0252795272 42.0402496637 42.0484901336 42.0550825095 42.0567306035
350 2.26286763587 2.26406140782 2.27250442903 2.28530070627 2.28540727752 2.28549253452 2.28551384877 41.9216634132 41.949661081 42.0016585281 42.0240506514 42.0243130248 42.0245229235 42.0245753982
400 2.02927574499 2.03079557499 2.03791266056 2.05308114571 2.06213790158 2.06938330627 2.07119465744 42.0132188004 42.0149893534 42.0300141609 42.05351248 42.0564741064 42.0588434075 42.0594357328
450 1.82486183049 1.83152835336 1.85792070745 1.87446523632 1.87777712231 1.88042663109 1.88108900829 42.0539651724 42.0541150118 42.076343966 42.0868501386 42.0954730592 42.1023713957 42.1040959798
500 1.72917754652 1.73666547162 1.76610991527 1.79471246621 1.80082628692 1.80571734349 1.80694010763 42.0712323313 42.0726976706 42.0889974814 42.1192133112 42.1234488567 42.126837293 42.1276844021
550 1.6739994493 1.68365716818 1.72100452082 1.7493493858 1.7526487008 1.7552881528 1.7559480158 42.0685142794 42.0757492332 42.1338834332 42.1496847943 42.1498291944 42.1499447146 42.1499735946
600 1.6097556615 1.61077860418 1.63868571354 1.67280597049 1.67615200092 1.67882882526 1.67949803135 42.0667791199 42.089103193 42.1290015255 42.1492955985 42.1533682584 42.1566263864 42.1574409184
650 1.41248064102 1.42030052453 1.45094341683 1.48115568633 1.48328015923 1.48497973755 1.48540463213 42.0884456679 42.1253407398 42.2038483015 42.2218665917 42.226410819 42.2300462008 42.2309550463
700 1.32035613311 1.32052404673 1.32951668329 1.33563203163 1.33630510182 1.33684355797 1.33697817201 42.1761799433 42.1849142634 42.225047404 42.2473841253 42.255849067 42.2626210204 42.2643140087
750 1.24226844547 1.24283664298 1.2483078522 1.25267846943 1.25518894034 1.25719731706 1.25769941124 42.2049922766 42.2067066562 42.2520699564 42.2813143175 42.2830350896 42.2844117073 42.2847558617
800 1.18391476107 1.18639123979 1.19233886661 1.19781632458 1.19923342525 1.20036710579 1.20065052592 42.2327486469 42.2402295029 42.2642386837 42.2804188148 42.284595124 42.2879361714 42.2887714332
850 1.12856367688 1.12998707959 1.13372691095 1.13619538124 1.13744853197 1.13845105255 1.1387016827 42.2514407871 42.254405789 42.2797321947 42.2938424934 42.2947471117 42.2954708063 42.29565173
900 1.07325168749 1.07375584747 1.08115018276 1.08286497004 1.08289702057 1.082922661 1.08292907111 42.2408003354 42.250299426 42.2999330894 42.3251949552 42.3309652625 42.3355815083 42.3367355698
950 1.04239331985 1.04302978171 1.04829574256 1.05054600663 1.05197416434 1.05311669051 1.05340232205 42.3019359103 42.3026572661 42.3233570899 42.3411122623 42.3515005232 42.3598111318 42.361888784
1000 1.00666416984 1.00879108544 1.02159131858 1.02724514408 1.02726158959 1.02727474599 1.02727803509 42.2816020172 42.2897325678 42.3152611522 42.3353559423 42.339687321 42.343152424 42.3440186997
1050 0.98516652691 0.985435332564 0.989108164928 0.99869244927 1.00117047375 1.00315289334 1.00364849824 42.2963893825 42.2975167144 42.3244076162 42.3565401136 42.3672803827 42.3758725981 42.3780206519
1100 0.942581982383 0.942658676503 0.956404797528 0.961861264372 0.962740115087 0.96344319566 0.963618965803 42.3109455333 42.3153197703 42.3340698227 42.3574467669 42.3631861906 42.3677777296 42.3689256143
1150 0.909993178547 0.911627240105 0.919679421589 0.922012797083 0.922407303264 0.922722908208 0.922801809444 42.2891738732 42.2994631523 42.3502992948 42.3623895833 42.3637213136 42.3647866978 42.3650530438
1200 0.880962682955 0.881944351207 0.885068780066 0.889836370501 0.890399363936 0.890849758684 0.890962357371 42.2919151688 42.3027947709 42.3503314267 42.3682908537 42.3686762676 42.3689845986 42.3690616814
1250 0.844388224603 0.844827145343 0.846834655225 0.853847867311 0.855004297752 0.855929442105 0.856160728193 42.3084339119 42.3230065559 42.3616197456 42.3829012286 42.3880109197 42.3920986726 42.3931206108
1300 0.819850610822 0.820625714904 0.82561059548 0.829293376284 0.829932119687 0.830443114409 0.83057086309 42.3335892183 42.3384995082 42.3741699638 42.3988665965 42.4043719892 42.4087763034 42.4098773819
1350 0.792269401793 0.793324411544 0.798242144247 0.803698004224 0.804827340165 0.805730808918 0.805956676106 42.3398484306 42.3431352229 42.3737660619 42.3949184132 42.3998906895 42.4038685105 42.4048629658
1400 0.768507986911 0.769129722776 0.77227422722 0.776742754468 0.778672720127 0.780216692653 0.780602685785 42.3426284916 42.3555319095 42.4100281256 42.4379200071 42.4562707511 42.4709513463 42.4746214951
1450 0.740718959086 0.741793387797 0.74904855716 0.750693429068 0.750812738321 0.750908185723 0.750932047574 42.3615857143 42.3653276539 42.4028546717 42.4358306495 42.4362775018 42.4366349836 42.436724354
1500 0.722710963647 0.723454126281 0.728208213794 0.733861675112 0.735596426311 0.73698422727 0.73733117751 42.345605775 42.349049186 42.3797979266 42.397479665 42.4012749229 42.4043111292 42.4050701808
1550 0.703241362762 0.703519450457 0.706496658015 0.711263294495 0.711915970274 0.712438110898 0.712568646054 42.3819698229 42.3823016917 42.3939748328 42.4426496308 42.4451034226 42.447066456 42.4475572144
1600 0.683181777433 0.683715609477 0.690614792091 0.694632273948 0.695945862295 0.696996732973 0.697259450642 42.3234968072 42.3427125975 42.405092016 42.46366169 42.4648037085 42.4657173232 42.4659457269
1650 0.66762277835 0.668166271648 0.671463460122 0.676344104346 0.676362070691 0.676376443767 0.676380037036 42.383456769 42.3889509717 42.4223447477 42.4446798897 42.4461804468 42.4473808924 42.4476810038
1700 0.642603843118 0.644826530802 0.650484486626 0.654167473018 0.655695349596 0.656917650858 0.657223226174 42.3292504429 42.3545175049 42.426375691 42.4648201093 42.4652598247 42.465611597 42.4656995401
1750 0.628351471975 0.628960284715 0.633553422035 0.637168993619 0.637375600872 0.637540886675 0.637582208126 42.4003744017 42.4035922006 42.4319206405 42.4478674451 42.449699022 42.4511642834 42.4515305988
1800 0.60986991038 0.610685355994 0.613305042824 0.617242492488 0.619154564766 0.620684222588 0.621066637044 42.3659944151 42.3772196321 42.4356939621 42.4466121812 42.4503743967 42.4533841691 42.4541366122
1850 0.590985967599 0.591126765426 0.594735777846 0.596491051755 0.596991868899 0.597392522614 0.597492686043 42.3766573875 42.3796825018 42.4535182992 42.4897094929 42.4925448204 42.4948130823 42.4953801478
1900 0.574514228363 0.574934849992 0.577882332097 0.578450265994 0.578502703293 0.578544653131 0.578555140591 42.4293782404 42.4310755149 42.4501591609 42.4735418462 42.4788403885 42.4830792223 42.4841389307
1950 0.560553093582 0.560632469004 0.561253824587 0.56238427224 0.562650600099 0.562863662386 0.562916927958 42.4093930019 42.4156641151 42.4501086519 42.4720917248 42.4791547686 42.4848052036 42.4862178124
