Key,Bess Container:Median_rx,Bess Container:P95_rx,Bess Container:P99_rx,Bess Container w/Copy:Median_rx,Bess Container w/Copy:P95_rx,Bess Container w/Copy:P99_rx,Bess VM:Median_rx,Bess VM:P95_rx,Bess VM:P99_rx,OVS Container:Median_rx,OVS Container:P95_rx,OVS Container:P99_rx,OVS VM:Median_rx,OVS VM:P95_rx,OVS VM:P99_rx,ZCSI:Median_rx,ZCSI:P95_rx,ZCSI:P99_rx
0,8.83275787468,9.04076536595,9.10181451357,8.12401685176,8.19795902876,8.22532221412,7.83240215783,7.94401829188,7.97746197415,6.29769691813,6.32634868721,6.32662990772,4.35963652604,4.38336407165,4.38539990723,21.057018921,21.084939655,21.0865391549
50,8.7724711623,8.96695740479,8.98817202357,7.905440759,8.15673380271,8.16900740037,7.88777515766,7.899854218,7.90208090416,6.31757231573,6.33504779289,6.33567143788,4.39182953433,4.41741455999,4.42310970178,15.0969207414,15.1341347342,15.1364331364
100,11.1279821324,11.1922022752,11.1979111597,7.77549742033,8.06442091498,8.09677829383,7.84894236851,7.89705431743,7.9035077303,6.30258761277,6.31899381815,6.32092519222,4.38328985235,4.39357923953,4.39381465962,10.2291895789,10.3047691478,10.306082272
150,9.30222581261,9.3392415018,9.34030263674,7.42453747239,7.8886381176,7.89041109955,7.56140718972,7.5981359095,7.60615385394,6.31433515745,6.34604182623,6.34996500801,4.36850216345,4.39726735989,4.39879974292,8.55755918109,8.58341853433,8.58750480494
200,7.80009368919,7.83636874223,7.84081113319,1.95345996085,2.08783686116,2.09493229433,6.65546591633,6.69741786023,6.71028879045,6.33008855781,6.34191550779,6.34332421813,4.37338016027,4.38998671563,4.39418954722,7.33516747235,7.36011401517,7.36382798455
250,6.82261479971,6.84643474005,6.85102790199,2.12891196026,2.18817560987,2.1928709925,5.89021767835,5.91440892502,5.91665886561,6.31169535924,6.32187966171,6.32260183207,4.13547855105,4.20933682966,4.22203092876,6.41807398923,6.445387635,6.44847305128
300,6.04728305274,6.05641652632,6.05839600643,2.24133158726,2.27354901437,2.28216467682,5.28029561888,5.35796149607,5.3699968315,5.99070887862,5.99838221926,5.99841139197,3.81374461645,3.84262845093,3.84359643903,5.69317257292,5.72377764344,5.72546257339
350,5.41326518217,5.4204172392,5.42099414654,2.27250442903,2.28540727752,2.28549253452,4.78954016893,4.79757653237,4.79896585246,5.41074482534,5.41193449339,5.41196966253,3.52462217033,3.54329456053,3.54971534475,5.12726937805,5.14061093164,5.14066577131
400,4.89643324301,4.90425791044,4.90460965129,2.03791266056,2.06213790158,2.06938330627,4.37944250407,4.41563020603,4.42826589993,4.90413212014,4.90541076752,4.90550686148,3.30607283933,3.31219252019,3.31398767102,4.65775889777,4.67913149189,4.68023479431
450,4.4693257483,4.47471845715,4.47597660254,1.85792070745,1.87777712231,1.88042663109,3.99009976816,4.01790991264,4.01848238236,4.47947427637,4.48022836635,4.48045442008,3.08163112723,3.09463052624,3.09663466002,4.27081270482,4.28317347042,4.28475404684
500,4.11570677768,4.11754090047,4.11758795606,1.76610991527,1.80082628692,1.80571734349,3.72573985895,3.74164556652,3.74360223922,4.12010169184,4.12080572115,4.12082355556,2.91374262365,2.92858022869,2.92887491792,3.94162173265,3.94895123895,3.94911758326
550,3.80833310541,3.81053001466,3.8106834501,1.72100452082,1.7526487008,1.7552881528,3.48665916583,3.4964413873,3.49723672764,3.81329900539,3.81361612296,3.81366696287,2.75739158688,2.77737485679,2.77868440008,3.66011151174,3.67324353021,3.67358043674
600,3.54593469365,3.5475398387,3.54754786914,1.63868571354,1.67615200092,1.67882882526,3.25646307853,3.2625201977,3.26328193263,3.54828032264,3.54881845631,3.54891925001,2.59869128317,2.61617925273,2.61954410371,3.41492237572,3.42281769522,3.42290035962
650,3.31748872796,3.32019628124,3.32032673042,1.45094341683,1.48328015923,1.48497973755,3.04101591131,3.06119170737,3.0646338193,3.31796738202,3.31923221714,3.31959988888,2.44228741565,2.4703665403,2.47553252056,3.20127680793,3.20763476829,3.20770748703
700,3.11875812903,3.11932830264,3.11936240116,1.32951668329,1.33630510182,1.33684355797,2.84971315967,2.88556320092,2.88653576592,3.11611383921,3.11698226469,3.11727250397,2.34202575982,2.35770278093,2.35838933551,3.01341544655,3.02110188189,3.02154252909
750,2.93960994353,2.94133103812,2.9414001383,1.2483078522,1.25518894034,1.25719731706,2.70048548666,2.73958600049,2.74129518075,2.93652686143,2.93676897526,2.93677819365,2.2192731136,2.23166240263,2.23181470394,2.84505960905,2.84976173658,2.84976303842
800,2.78157783419,2.78182147776,2.78186095938,1.19233886661,1.19923342525,1.20036710579,2.57908806983,2.5896488413,2.59121542436,2.77694402084,2.77749225069,2.77752695931,2.11657979927,2.14278793485,2.14309859033,2.69535927052,2.6988476664,2.69887464299
850,2.63905893039,2.63948465439,2.6395329567,1.13372691095,1.13744853197,1.13845105255,2.46152969449,2.47168578436,2.47237614774,2.63392949686,2.63451406868,2.63459262254,2.0457775227,2.07868043296,2.08465142959,2.56110086462,2.56611675984,2.56632124186
900,2.51005181757,2.51086722947,2.51092659251,1.08115018276,1.08289702057,1.082922661,2.3032745597,2.35167666472,2.35564404044,2.5047148267,2.50615071387,2.50657102112,1.95507946845,1.97005531427,1.97126831951,2.43880223091,2.44267760437,2.442865411
950,2.39379582587,2.39401784527,2.39402199495,1.04829574256,1.05197416434,1.05311669051,2.23081613772,2.26429516374,2.27195193179,2.38787393994,2.38897658127,2.38904992726,1.87848521675,1.88434858048,1.88444129907,2.32765542706,2.3296144769,2.32972184689
1000,2.28691253569,2.28819356345,2.28831754007,1.02159131858,1.02726158959,1.02727474599,2.12398280485,2.15367473088,2.1546249202,2.28232694668,2.28243322133,2.28247054787,1.80401900985,1.82328279531,1.82520331016,2.22724881513,2.22992955868,2.230019826
1050,2.18968021369,2.19089078506,2.19105849129,0.989108164928,1.00117047375,1.00315289334,2.00489817201,2.04694381285,2.04944797692,2.18558929272,2.18643174763,2.18647435641,1.75388858934,1.77415833875,1.77664662777,2.1331342483,2.13693723442,2.13702565572
1100,2.10036769017,2.10086679107,2.10088401153,0.956404797528,0.962740115087,0.96344319566,1.97466263631,1.98848494448,1.98925159566,2.09629746841,2.09712475198,2.09724736326,1.7131693653,1.71879983802,1.7189916593,2.04781957728,2.05049340639,2.0507053515
1150,2.01801664292,2.01836610453,2.01842053567,0.919679421589,0.922407303264,0.922722908208,1.8839768094,1.91125062265,1.91235505337,2.01454536676,2.01506755131,2.0152168449,1.63919039914,1.65312637074,1.65516517698,1.96920071296,1.97224809899,1.97241216631
1200,1.94183868745,1.94205825701,1.94206367001,0.885068780066,0.890399363936,0.890849758684,1.77906588176,1.83414828683,1.83559829107,1.93863914242,1.93924201209,1.93935702688,1.59740948168,1.60718265181,1.60739914504,1.89669640065,1.8978830841,1.89793799098
1250,1.87102722843,1.87158790711,1.87161505516,0.846834655225,0.855004297752,0.855929442105,1.77038367647,1.78514435054,1.78940401323,1.86807687572,1.86857084544,1.86867805869,1.55423496601,1.56623970692,1.56990832236,1.82789000531,1.82978806433,1.82987409371
1300,1.80591712913,1.80608827431,1.80609289353,0.82561059548,0.829932119687,0.830443114409,1.66503994253,1.70825056603,1.70885238139,1.8022862553,1.80264831865,1.8026566549,1.50511095803,1.52260755161,1.52573600451,1.76484075942,1.76817089766,1.76822867924
1350,1.744389552,1.74485064875,1.74486131775,0.798242144247,0.804827340165,0.805730808918,1.61606360402,1.65350123954,1.65542130386,1.74114620094,1.74149088213,1.74150757058,1.46132358223,1.47860288965,1.48292718567,1.70662269706,1.7081960491,1.70824757778
1400,1.68740925606,1.68764941313,1.68767307415,0.77227422722,0.778672720127,0.780216692653,1.58649442411,1.60519084682,1.60642376845,1.68422820734,1.68492815895,1.68507704715,1.41076060498,1.4227993749,1.4235471807,1.65145689524,1.65220484042,1.65223432864
1450,1.63381122876,1.63393377727,1.63397641627,0.74904855716,0.750812738321,0.750908185723,1.52092121045,1.55189201726,1.55413085344,1.63083251497,1.63109476281,1.6310954975,1.38243480126,1.38911816121,1.38978632789,1.59951459232,1.60152149986,1.601588892
1500,1.58323154356,1.58367308997,1.58371484247,0.728208213794,0.735596426311,0.73698422727,1.47365601915,1.51123329931,1.51172220381,1.5803117078,1.58047832898,1.58048648011,1.34556787208,1.34935787757,1.34965724234,1.55137128046,1.55325582789,1.55335088122
1550,1.53582792079,1.53604370726,1.5360653901,0.706496658015,0.711915970274,0.712438110898,1.43577053982,1.44329499729,1.44533122124,1.53303705706,1.53326850558,1.5333036242,1.3059166274,1.3232302117,1.32759835,1.50581489302,1.50665129712,1.50670848719
1600,1.49142073024,1.49174198669,1.49181333589,0.690614792091,0.695945862295,0.696996732973,1.39659357256,1.41534357565,1.4155492933,1.48864106133,1.48887284893,1.48890266275,1.27491429709,1.28115622613,1.281573742,1.4628920917,1.46385627849,1.46386179493
1650,1.44905979033,1.44946357265,1.44949770368,0.671463460122,0.676362070691,0.676376443767,1.33736544219,1.38176464988,1.38389333401,1.44645263475,1.44674313907,1.44678331508,1.24066252097,1.2506526125,1.25165177087,1.42164602232,1.42265032966,1.42268272059
1700,1.40949116682,1.40963646631,1.40967544062,0.650484486626,0.655695349596,0.656917650858,1.319016162,1.34387907988,1.34683790452,1.40652377844,1.40675128193,1.40676034402,1.21265302039,1.22300566807,1.22415721259,1.38336293292,1.38477524822,1.3850840447
1750,1.3719678265,1.37222424752,1.37229323909,0.633553422035,0.637375600872,0.637540886675,1.27896661765,1.30756581317,1.31199526457,1.3693729001,1.36960058535,1.3696699127,1.16323735801,1.19092212341,1.19552757211,1.34735798786,1.34905976415,1.34926776933
1800,1.33627369905,1.3364664152,1.33652707734,0.613305042824,0.619154564766,0.620684222588,1.24274106713,1.26560927498,1.27119578738,1.33355288472,1.33415289184,1.334386041,1.15543499565,1.16377494617,1.16406150832,1.3124273017,1.31357634861,1.31380330103
1850,1.30247538964,1.30273602336,1.30275150696,0.594735777846,0.596991868899,0.597392522614,1.22901407096,1.24511995845,1.24600451251,1.30004402333,1.30022298872,1.30029104753,1.12418064161,1.13503005642,1.13535386204,1.27953003754,1.27993835418,1.27995770672
1900,1.27022316463,1.27038192327,1.27040815683,0.577882332097,0.578502703293,0.578544653131,1.19254830619,1.21023024278,1.21060056701,1.26780168756,1.26809696851,1.26813595342,1.10231579195,1.11144952762,1.11264520946,1.24844170028,1.24977783725,1.24980712486
1950,1.2395122206,1.23957602575,1.23958174574,0.561253824587,0.562650600099,0.562863662386,1.18416951419,1.19151643284,1.19494837353,1.23720031756,1.23733504008,1.23733906449,1.08045314676,1.09527528995,1.09900963797,1.21853371923,1.2199448291,1.21996179996
