Key Min_rx P5_rx Median_rx P90_rx P95_rx P99_rx Max_rx Min_tx P5_tx Median_tx P90_tx P95_tx P99_tx Max_tx
0 5.90719991158 6.03639511152 6.29769691813 6.32599716156 6.32634868721 6.32662990772 6.32670021285 39.7937820762 39.8279628598 40.3473721617 40.6379196861 40.6585498374 40.6750539584 40.6791799887
50 6.2765847161 6.28919446478 6.31757231573 6.33426823665 6.33504779289 6.33567143788 6.33582734913 40.4386856537 40.4631284631 40.5852672365 40.6409348466 40.6679519167 40.6895655728 40.6949689868
100 6.28265285364 6.28387442902 6.30258761277 6.31657960057 6.31899381815 6.32092519222 6.32140803574 40.3417559355 40.3691461752 40.5268465907 40.6355774124 40.6526244449 40.6662620709 40.6696714774
150 6.28428815519 6.285209566 6.31433515745 6.341137849 6.34604182623 6.34996500801 6.35094580345 40.0219421137 40.1300270816 40.5134144105 40.543704836 40.5492044719 40.5536041807 40.5547041079
200 6.29720004523 6.30060932016 6.33008855781 6.34015461987 6.34191550779 6.34332421813 6.34367639571 40.2170268629 40.3142711201 40.5245419599 40.6100133584 40.6609579023 40.7017135375 40.7119024463
250 5.91327425356 6.04986034347 6.31169535924 6.32097694876 6.32187966171 6.32260183207 6.32278237466 40.3151746086 40.3457260384 40.4835212579 40.6077186123 40.6492785032 40.6825264159 40.6908383941
300 5.96177811064 5.96519480156 5.99070887862 5.99834575337 5.99838221926 5.99841139197 5.99841868515 40.7728818491 40.7756635918 40.8273944884 40.8604255879 40.8650229737 40.8687008823 40.8696203595
350 5.38323422179 5.39037882322 5.41074482534 5.41189053196 5.41193449339 5.41196966253 5.41197845481 40.8289925638 40.8295127923 40.8449014636 40.9071256706 40.9639455395 41.0094014345 41.0207654083
400 4.90340658715 4.90352383149 4.90413212014 4.90529065008 4.90541076752 4.90550686148 4.90553088497 41.022439344 41.0297367777 41.0634988317 41.0684999872 41.0696745053 41.0706141198 41.0708490234
450 4.4777347717 4.47782166 4.47947427637 4.4799457992 4.48022836635 4.48045442008 4.48051093351 41.2216222098 41.2224707229 41.2490814641 41.2622681335 41.2631255691 41.2638115175 41.2639830046
500 4.11940430409 4.11945033924 4.12010169184 4.12078342815 4.12080572115 4.12082355556 4.12082801416 41.3947356493 41.401578784 41.4262052912 41.4429220389 41.4453559261 41.4473030359 41.4477898134
550 3.81275907807 3.81289504728 3.81329900539 3.81355257307 3.81361612296 3.81366696287 3.81367967285 41.477222187 41.4835868236 41.5241378022 41.5488358501 41.5551666834 41.5602313501 41.5614975168
600 3.54776756011 3.54788639674 3.54828032264 3.54869246418 3.54881845631 3.54891925001 3.54894444844 41.5752233716 41.5784459579 41.591058397 41.6206040821 41.6223397554 41.623728294 41.6240754287
650 3.31716917015 3.31730496585 3.31796738202 3.31877262745 3.31923221714 3.31959988888 3.31969180682 41.6438373335 41.6460123744 41.6686361468 41.6811185028 41.6841119921 41.6865067835 41.6871054813
700 3.11542115334 3.11548368356 3.11611383921 3.1166194656 3.11698226469 3.11727250397 3.11734506379 41.6979403809 41.7001339439 41.7220495266 41.7294359377 41.7314385911 41.7330407138 41.7334412445
750 2.93538993921 2.93547574944 2.93652686143 2.93675745226 2.93676897526 2.93677819365 2.93678049825 41.7427082655 41.7434241091 41.7726477507 41.7813202831 41.78516502 41.7882408095 41.7890097569
800 2.7758253688 2.77604640012 2.77694402084 2.77744886492 2.77749225069 2.77752695931 2.77753563647 41.7607232256 41.7644155787 41.8180523959 41.8312620365 41.8344649162 41.8370272199 41.8376677958
850 2.6333212673 2.63340288596 2.63392949686 2.63441587635 2.63451406868 2.63459262254 2.634612261 41.7937336839 41.8026300187 41.8531763755 41.8850068942 41.9010673482 41.9139157114 41.9171278022
900 2.50418594855 2.50418911908 2.5047148267 2.50562532981 2.50615071387 2.50657102112 2.50667609793 41.8802776169 41.881912979 41.890216157 41.9014977196 41.9062327906 41.9100208475 41.9109678617
950 2.38714560985 2.38717908902 2.38787393994 2.38888489878 2.38897658127 2.38904992726 2.38906826376 41.8896720565 41.8901288755 41.9354714699 41.9516455799 41.9547557264 41.9572438435 41.9578658728
1000 2.28147135625 2.28151139907 2.28232694668 2.28238656315 2.28243322133 2.28247054787 2.28247987951 41.9341894516 41.9398553887 41.9555334291 41.9770570655 41.9784506223 41.9795654677 41.979844179
1050 2.1853099716 2.18534979934 2.18558929272 2.18637848665 2.18643174763 2.18647435641 2.1864850086 41.9594894411 41.9660765819 41.9828161212 42.0101342843 42.0120088824 42.0135085608 42.0138834804
1100 2.09608414572 2.0960844724 2.09629746841 2.09697148787 2.09712475198 2.09724736326 2.09727801608 41.9895984099 41.9907482211 42.0112243712 42.0253130252 42.0276659279 42.0295482501 42.0300188306
1150 2.01392246637 2.01409265246 2.01454536676 2.01488093431 2.01506755131 2.0152168449 2.0152541683 41.9309499207 41.9544920372 42.0321793813 42.0511671745 42.0528425841 42.0541829118 42.0545179937
1200 1.93847679932 1.93849260929 1.93863914242 1.9390982436 1.93924201209 1.93935702688 1.93938578058 42.0346401886 42.0350176298 42.0601210223 42.0737820891 42.074594013 42.075243552 42.0754059368
1250 1.86759523319 1.86766485639 1.86807687572 1.86843682887 1.86857084544 1.86867805869 1.868704862 42.0431752417 42.0493816218 42.0768948088 42.0992440324 42.1022343132 42.1046265378 42.105224594
1300 1.80196626875 1.80197759194 1.8022862553 1.80263789834 1.80264831865 1.8026566549 1.80265873896 42.0331944406 42.046045038 42.1138524824 42.1237748218 42.124040716 42.1242534314 42.1243066102
1350 1.74042829036 1.74052503912 1.74114620094 1.74147002157 1.74149088213 1.74150757058 1.74151174269 42.0170486686 42.0389295575 42.1126917432 42.1402721535 42.1455581328 42.1497869163 42.1508441122
1400 1.68370147536 1.68375743146 1.68422820734 1.68474204871 1.68492815895 1.68507704715 1.6851142692 42.0928212031 42.101773328 42.1336486226 42.1555531356 42.1600747416 42.1636920263 42.1645963475
1450 1.63017603405 1.63019360896 1.63083251497 1.63109384445 1.63109476281 1.6310954975 1.63109568117 42.1215564109 42.1264615679 42.1574405553 42.1684827818 42.1714303009 42.1737883161 42.1743778199
1500 1.57980682872 1.57988057015 1.5803117078 1.58046814008 1.58047832898 1.58048648011 1.58048851789 42.1351717558 42.1366832423 42.1490431517 42.1853843947 42.1928230496 42.1987739736 42.2002617046
1550 1.53265253265 1.53265611784 1.53303705706 1.53322460729 1.53326850558 1.5333036242 1.53331240386 42.1542464995 42.1605243698 42.185259749 42.1966272906 42.1972284133 42.1977093115 42.1978295361
1600 1.48853027205 1.48853148267 1.48864106133 1.48883558165 1.48887284893 1.48890266275 1.48891011621 42.1778307312 42.1793634288 42.207183177 42.237592424 42.2577055431 42.2737960383 42.2778186621
1650 1.44601853578 1.44613232751 1.44645263475 1.44669291907 1.44674313907 1.44678331508 1.44679335908 42.1698077681 42.172050871 42.1880890311 42.2102270619 42.219145435 42.2262801336 42.2280638082
1700 1.40640521652 1.40640572944 1.40652377844 1.40673995433 1.40675128193 1.40676034402 1.40676260954 42.1653530747 42.1785873199 42.2281955234 42.2345287244 42.2354031283 42.2361026514 42.2362775322
1750 1.36910860971 1.36911508836 1.3693729001 1.36951392616 1.36960058535 1.3696699127 1.36968724454 42.0874097288 42.1237527099 42.214495321 42.2552973246 42.2561095756 42.2567593764 42.2569218266
1800 1.33336136644 1.33340164497 1.33355288472 1.33386145538 1.33415289184 1.334386041 1.33444432829 42.1628518327 42.1833041247 42.2358882574 42.2679552936 42.2714100303 42.2741738197 42.274864767
1850 1.29951557782 1.29959220111 1.30004402333 1.3001379152 1.30022298872 1.30029104753 1.30030806223 42.2153871736 42.2164275156 42.2421530366 42.2577921317 42.2623054982 42.2659161914 42.2668188647
1900 1.26746798387 1.26754807648 1.26780168756 1.26804823737 1.26809696851 1.26813595342 1.26814569965 42.2336971559 42.2344756116 42.2646323195 42.2967090784 42.2971222545 42.2974527955 42.2975354307
1950 1.23692154412 1.2369217149 1.23720031756 1.23733000956 1.23733504008 1.23733906449 1.23734007059 42.2292753262 42.2297538074 42.2589607097 42.2691746148 42.2711584916 42.2727455931 42.2731423685
