Key Min_rx P5_rx Median_rx P90_rx P95_rx P99_rx Max_rx Min_tx P5_tx Median_tx P90_tx P95_tx P99_tx Max_tx
0 4.32340328036 4.32867474288 4.35963652604 4.38081927719 4.38336407165 4.38539990723 4.38590886612 20.6778024075 20.6859234592 20.7282779856 20.7475201789 20.7500593111 20.7520906169 20.7525984433
50 4.33113792706 4.33424610886 4.39182953433 4.41029563275 4.41741455999 4.42310970178 4.42453348723 20.696815694 20.7024922813 20.7280684576 20.7361061237 20.7364816808 20.7367821264 20.7368572378
100 4.35229117334 4.35671785915 4.38328985235 4.39328496443 4.39357923953 4.39381465962 4.39387351464 20.7063857678 20.7065402951 20.727225949 20.7375116979 20.7377842719 20.7380023311 20.7380568459
150 4.33833765668 4.34464377088 4.36850216345 4.3953518811 4.39726735989 4.39879974292 4.39918283868 20.6704876324 20.6786587616 20.7321526603 20.745633775 20.746088107 20.7464515727 20.7465424391
200 4.34392504652 4.34978624493 4.37338016027 4.38473317613 4.38998671563 4.39418954722 4.39524025512 20.7380730883 20.7393894561 20.7465381113 20.7520370136 20.7525480431 20.7529568666 20.7530590725
250 4.04555150955 4.0503715542 4.13547855105 4.19346920579 4.20933682966 4.22203092876 4.22520445354 20.7017295183 20.7031333077 20.7210520402 20.7335449973 20.7345757903 20.7354004247 20.7356065833
300 3.78298640551 3.78709464844 3.81374461645 3.8414184658 3.84262845093 3.84359643903 3.84383843605 20.7170505191 20.7287616487 20.7647073851 20.7706885971 20.7719552363 20.7729685476 20.7732218754
350 3.50168849038 3.50416261787 3.52462217033 3.53526858027 3.54329456053 3.54971534475 3.5513205408 20.8027028652 20.8045279825 20.8098003008 20.8132877357 20.8152095918 20.8167470767 20.8171314479
400 3.27970343194 3.28305225068 3.30607283933 3.30994858166 3.31219252019 3.31398767102 3.31443645873 20.8179683509 20.8196734818 20.8361169202 20.8598118528 20.8617636566 20.8633250996 20.8637154603
450 3.0405436822 3.04086883059 3.08163112723 3.09212535901 3.09463052624 3.09663466002 3.09713569347 20.8568535249 20.8595403364 20.874617612 20.8779314276 20.8782867112 20.878570938 20.8786419947
500 2.89903901628 2.90032450986 2.91374262365 2.92821186715 2.92858022869 2.92887491792 2.92894859023 20.8827525879 20.8847896636 20.8954659894 20.9008716547 20.9029653289 20.9046402683 20.9050590032
550 2.71156774795 2.7248788586 2.75739158688 2.77573792769 2.77737485679 2.77868440008 2.7790117859 20.8631890648 20.8757936986 20.9116590185 20.9226726506 20.924511932 20.9259833572 20.9263512135
600 2.55110586493 2.55749282711 2.59869128317 2.61197318901 2.61617925273 2.61954410371 2.62038531645 20.9173785126 20.9194825551 20.9427956964 20.9615836567 20.9633085393 20.9646884455 20.965033422
650 2.42688092426 2.43031529936 2.44228741565 2.46390906497 2.4703665403 2.47553252056 2.47682401563 20.950810779 20.9510713571 20.9618049565 20.9829452668 20.9845311994 20.9857999456 20.9861171321
700 2.32552819292 2.32723711504 2.34202575982 2.3568445877 2.35770278093 2.35838933551 2.35856097415 20.9631653045 20.9637231074 20.97413162 20.9906095792 20.9934709473 20.9957600419 20.9963323155
750 2.16081121376 2.16967717457 2.2192731136 2.231472026 2.23166240263 2.23181470394 2.23185277927 20.9652387953 20.9704973263 20.9958560841 21.014846208 21.0170985935 21.0189005019 21.019350979
800 2.08466481684 2.08473010238 2.11657979927 2.1423996155 2.14278793485 2.14309859033 2.1431762542 20.9686164081 20.9743104437 20.9972657097 21.0259802338 21.0310634654 21.0351300507 21.036146697
850 1.96868395988 1.98447707316 2.0457775227 2.07121668718 2.07868043296 2.08465142959 2.08614417875 21.0007391705 21.0057259889 21.0188199463 21.0266215005 21.027206846 21.0276751225 21.0277921916
900 1.84270398937 1.87281533884 1.95507946845 1.96853905773 1.97005531427 1.97126831951 1.97157157082 21.0188192071 21.0194777875 21.0339561559 21.0569815507 21.0619804525 21.0659795739 21.0669793543
950 1.85519250484 1.85724772153 1.87848521675 1.88423268223 1.88434858048 1.88444129907 1.88446447872 21.0237222263 21.0281458936 21.0436847218 21.0515050368 21.051748927 21.0519440392 21.0519928172
1000 1.77244803554 1.77509777397 1.80401900985 1.82088215176 1.82328279531 1.82520331016 1.82568343887 21.0355437625 21.0383194396 21.0537081029 21.0691028015 21.0732926576 21.0766445425 21.0774825137
1050 1.72726593315 1.72772852953 1.75388858934 1.77104797748 1.77415833875 1.77664662777 1.77726870002 21.0393801784 21.0446439637 21.0641072726 21.0708759027 21.0748913083 21.0781036328 21.0789067139
1100 1.68884376083 1.69024493331 1.7131693653 1.71856006141 1.71879983802 1.7189916593 1.71903961462 21.0579297321 21.0586654435 21.0685487096 21.081300505 21.0868862463 21.0913548393 21.0924719876
1150 1.61478730524 1.61797858656 1.63919039914 1.65057786293 1.65312637074 1.65516517698 1.65567487854 21.050418291 21.055843334 21.06985463 21.0863664732 21.0907757805 21.0943032263 21.0951850877
1200 1.57143184952 1.57346905556 1.59740948168 1.60691203527 1.60718265181 1.60739914504 1.60745326835 21.0442918659 21.0532297552 21.0774485143 21.0974560587 21.099841379 21.1017496352 21.1022266993
1250 1.52694666513 1.53175585737 1.55423496601 1.56165393763 1.56623970692 1.56990832236 1.57082547622 21.0604638501 21.0642895426 21.0820954764 21.1021218317 21.1028777078 21.1034824088 21.103633584
1300 1.46280965327 1.46845164815 1.50511095803 1.51869698548 1.52260755161 1.52573600451 1.52651811774 21.0855863668 21.0861163229 21.0980230434 21.1160120964 21.1195487869 21.1223781393 21.1230854774
1350 1.44425650069 1.44767334688 1.46132358223 1.47319751961 1.47860288965 1.48292718567 1.48400825968 21.0853171254 21.0869278506 21.0973483706 21.1191512259 21.1200578327 21.1207831182 21.1209644396
1400 1.37096951996 1.37515265235 1.41076060498 1.42186461764 1.4227993749 1.4235471807 1.42373413215 21.0956067118 21.0967804249 21.1072561347 21.1205157002 21.1268764145 21.131964986 21.1332371289
1450 1.36339425749 1.36637889494 1.38243480126 1.38828295287 1.38911816121 1.38978632789 1.38995336956 21.0879691283 21.0900765002 21.1127072223 21.1197385164 21.1201731956 21.1205209389 21.1206078747
1500 1.28201751361 1.28507623277 1.34556787208 1.34898367161 1.34935787757 1.34965724234 1.34973208353 21.0969476934 21.0990139062 21.1144406158 21.1310512604 21.1420392938 21.1508297205 21.1530273272
1550 1.29372699059 1.29388376336 1.3059166274 1.31777003882 1.3232302117 1.32759835 1.32869038458 21.0948571323 21.100655522 21.1294658737 21.1438325159 21.1467898496 21.1491557166 21.1497471833
1600 1.18923579386 1.19357668319 1.27491429709 1.28063433129 1.28115622613 1.281573742 1.28167812097 21.1039453083 21.1065402128 21.1292190141 21.1475319525 21.1503592871 21.1526211549 21.1531866218
1650 1.18782839812 1.19181567532 1.24066252097 1.24940366454 1.2506526125 1.25165177087 1.25190156046 21.1048766084 21.1068713895 21.1260902174 21.1401163328 21.140568373 21.1409300052 21.1410204132
1700 1.18528071223 1.18909635601 1.21265302039 1.22156623743 1.22300566807 1.22415721259 1.22444509872 21.1216182793 21.1233962347 21.1302999052 21.1501948606 21.1517366165 21.1529700212 21.1532783724
1750 1.15386498175 1.15398137402 1.16323735801 1.18516531253 1.19092212341 1.19552757211 1.19667893429 21.1064603645 21.107652028 21.1376894462 21.1553248146 21.1557734955 21.1561324403 21.1562221765
1800 1.13093979941 1.13516903664 1.15543499565 1.16341674349 1.16377494617 1.16406150832 1.16413314886 21.1289653128 21.1295822221 21.1435509595 21.1502212412 21.1544278873 21.1577932042 21.1586345334
1850 1.09738653731 1.09925748084 1.12418064161 1.13462529939 1.13503005642 1.13535386204 1.13543481344 21.1148603647 21.1196473711 21.150035313 21.1704075911 21.1753446442 21.1792942866 21.1802816972
1900 1.07137866466 1.07493116216 1.10231579195 1.10995492532 1.11144952762 1.11264520946 1.11294412992 21.1232077512 21.1292373512 21.14665847 21.1565944781 21.1596337374 21.1620651448 21.1626729966
1950 1.05345553279 1.05504024672 1.08045314676 1.09060735491 1.09527528995 1.09900963797 1.09994322498 21.1282156326 21.1287973006 21.1539233891 21.1658288206 21.1670365049 21.1680026523 21.1682441892
