Key Min_rx P5_rx Median_rx P90_rx P95_rx P99_rx Max_rx Min_tx P5_tx Median_tx P90_tx P95_tx P99_tx Max_tx
0 21.0201587998 21.0233417724 21.057018921 21.0829402801 21.084939655 21.0865391549 21.0869390299 24.0899946423 24.232468379 24.5818088395 24.6215587496 24.6377820246 24.6507606445 24.6540052995
50 14.9728971078 14.9841334811 15.0969207414 15.1312617313 15.1341347342 15.1364331364 15.137007737 27.2813699278 27.3132463553 27.5409775418 27.6383122298 27.6404563624 27.6421716685 27.642600495
100 10.206639145 10.2093552283 10.2291895789 10.3031277426 10.3047691478 10.306082272 10.306410553 28.3956465402 28.3956559453 28.3959983236 28.3965645576 28.3967430422 28.3968858298 28.3969215267
150 8.54684904931 8.54915877172 8.55755918109 8.57831069606 8.58341853433 8.58750480494 8.58852637259 28.4015212678 28.4015624729 28.4020915826 28.4026403976 28.4027224341 28.4027880633 28.4028044706
200 7.32180760522 7.32220755767 7.33516747235 7.35547155346 7.36011401517 7.36382798455 7.36475647689 28.3848304066 28.3917900917 28.4053622171 28.4056870625 28.4057791857 28.4058528843 28.4058713089
250 6.40377945297 6.40423908354 6.41807398923 6.44153086466 6.445387635 6.44847305128 6.44924440535 28.406894819 28.406915395 28.4074384088 28.4076542638 28.4076670393 28.4076772597 28.4076798148
300 5.69152238026 5.69181100848 5.69317257292 5.72167148101 5.72377764344 5.72546257339 5.72588380588 28.4081255783 28.4082035152 28.4085843104 28.4087139737 28.4087274252 28.4087381864 28.4087408767
350 5.12195810916 5.12202845156 5.12726937805 5.14054238206 5.14061093164 5.14066577131 5.14067948123 28.4086392507 28.4086507908 28.4087930903 28.4090863863 28.4090930073 28.4090983042 28.4090996284
400 4.6550258306 4.65513045905 4.65775889777 4.67775236386 4.67913149189 4.68023479431 4.68051061992 28.4089288222 28.4089386059 28.4090194927 28.409047729 28.4090501607 28.4090521061 28.4090525924
450 4.26748023493 4.26757586068 4.27081270482 4.28119774989 4.28317347042 4.28475404684 4.28514919094 28.4089495233 28.4089514225 28.4089892413 28.4090214868 28.4090427653 28.4090597881 28.4090640438
500 3.93815337771 3.93900141187 3.94162173265 3.94874330856 3.94895123895 3.94911758326 3.94915916934 28.4089499342 28.4089524057 28.4089959878 28.4090217183 28.4090262303 28.4090298399 28.4090307423
550 3.65708699068 3.65738950731 3.66011151174 3.67282239704 3.67324353021 3.67358043674 3.67366466337 28.4089465585 28.4089579051 28.4090012525 28.4090255214 28.4090394216 28.4090505417 28.4090533217
600 3.41166268377 3.41210210316 3.41492237572 3.42271436472 3.42281769522 3.42290035962 3.42292102572 28.4089402176 28.4089595097 28.409003734 28.4090425914 28.4090456283 28.4090480578 28.4090486652
650 3.20017316343 3.20030063386 3.20127680793 3.20754386986 3.20763476829 3.20770748703 3.20772566672 28.4089738412 28.4089791565 28.4090102719 28.4090670856 28.4090871612 28.4091032218 28.4091072369
700 3.01231046362 3.01240750599 3.01341544655 3.02055107289 3.02110188189 3.02154252909 3.02165269089 28.4089678225 28.4089696336 28.4090333008 28.4090811571 28.40908702 28.4090917104 28.409092883
750 2.84418772005 2.84427551157 2.84505960905 2.84976010928 2.84976173658 2.84976303842 2.84976336388 28.4089666779 28.4089701758 28.4089837653 28.4090103147 28.4090138694 28.4090167131 28.409017424
800 2.69406777748 2.69420063239 2.69535927052 2.69881394567 2.6988476664 2.69887464299 2.69888138714 28.4090079554 28.4090124313 28.4090297493 28.4090739696 28.4090762754 28.40907812 28.4090785812
850 2.5586857195 2.55900264369 2.56110086462 2.56586115732 2.56611675984 2.56632124186 2.56637236236 28.4089534567 28.4089706441 28.4090133868 28.4090278538 28.4090372076 28.4090446906 28.4090465614
900 2.43671428099 2.43707183264 2.43880223091 2.44244284609 2.44267760437 2.442865411 2.44291236266 28.4089533848 28.4089573601 28.4090071025 28.4090196945 28.4090252099 28.4090296221 28.4090307252
950 2.32675400599 2.32685688654 2.32765542706 2.32948026441 2.3296144769 2.32972184689 2.32974868939 28.408966601 28.4089686081 28.4090056292 28.4090395053 28.4090399031 28.4090402213 28.4090403009
1000 2.22479424277 2.22498485306 2.22724881513 2.22981672453 2.22992955868 2.230019826 2.23004239283 28.408988166 28.4089887644 28.4089949616 28.4090310936 28.4090331955 28.4090348771 28.4090352975
1050 2.13202668612 2.13206918714 2.1331342483 2.13682670781 2.13693723442 2.13702565572 2.13704776104 28.4089572407 28.4089626361 28.409009287 28.4090334648 28.4090402195 28.4090456233 28.4090469742
1100 2.04696688663 2.04708052554 2.04781957728 2.05022847501 2.05049340639 2.0507053515 2.05075833778 28.4089686794 28.408974022 28.4090032492 28.4090423416 28.4090425788 28.4090427686 28.4090428161
1150 1.96676955365 1.9672001798 1.96920071296 1.97204301484 1.97224809899 1.97241216631 1.97245318314 28.3485501017 28.3697007295 28.4090104109 28.4090426208 28.4090487618 28.4090536746 28.4090549028
1200 1.89507796583 1.89524518151 1.89669640065 1.89781445051 1.8978830841 1.89793799098 1.8979517177 28.4089848703 28.4089861092 28.4090013714 28.4090347953 28.4090458573 28.4090547068 28.4090569192
1250 1.8272442649 1.82727798131 1.82789000531 1.82968052761 1.82978806433 1.82987409371 1.82989560105 28.4089757387 28.4089782876 28.40901048 28.4090572631 28.4090623865 28.4090664852 28.4090675099
1300 1.76455528273 1.76456346625 1.76484075942 1.7680986707 1.76817089766 1.76822867924 1.76824312463 28.4089699002 28.4089825551 28.4090111743 28.4090356995 28.4090364293 28.4090370131 28.4090371591
1350 1.70536521953 1.70564397461 1.70662269706 1.70813163826 1.7081960491 1.70824757778 1.70826045995 28.4089494267 28.4089566473 28.4089811777 28.4090157395 28.4090334052 28.4090475378 28.4090510709
1400 1.65037720288 1.65054420699 1.65145689524 1.65216798014 1.65220484042 1.65223432864 1.6522417007 28.4089516688 28.4089654396 28.4090125195 28.4090595424 28.4090616453 28.4090633275 28.4090637481
1450 1.59878900874 1.59899312643 1.59951459232 1.60143725968 1.60152149986 1.601588892 1.60160574003 28.4089770321 28.4089788689 28.4090000145 28.4090117612 28.4090122831 28.4090127007 28.4090128051
1500 1.55049330213 1.55052118845 1.55137128046 1.55313701123 1.55325582789 1.55335088122 1.55337464455 28.4004941268 28.4034636453 28.4089941332 28.409018342 28.4090399698 28.409057272 28.4090615976
1550 1.50476479598 1.50477855396 1.50581489302 1.50657980954 1.50665129712 1.50670848719 1.50672278471 28.4089584461 28.4089675889 28.4090162662 28.4090588613 28.4090714416 28.4090815058 28.4090840219
1600 1.46213610462 1.46214575246 1.4628920917 1.46384938294 1.46385627849 1.46386179493 1.46386317404 28.4089615604 28.4089636571 28.4089994344 28.4090330069 28.4090347414 28.409036129 28.4090364759
1650 1.42138768185 1.42144748979 1.42164602232 1.422609841 1.42265032966 1.42268272059 1.42269081832 28.4089780916 28.4089800284 28.4090235936 28.4090654157 28.4090673337 28.4090688682 28.4090692518
1700 1.38271404985 1.38282312032 1.38336293292 1.38438925263 1.38477524822 1.3850840447 1.38516124382 28.408943734 28.4089490217 28.4090183355 28.4090756998 28.4090763558 28.4090768806 28.4090770118
1750 1.34656683667 1.34660695846 1.34735798786 1.34879975767 1.34905976415 1.34926776933 1.34931977063 28.4089383918 28.4089538841 28.4090133573 28.4090705873 28.409082917 28.4090927808 28.4090952468
1800 1.31177495583 1.31188079337 1.3124273017 1.31329265808 1.31357634861 1.31380330103 1.31386003913 28.4089575936 28.4089673132 28.4089934715 28.4090832697 28.4091157412 28.4091417183 28.4091482126
1850 1.27827623769 1.27853785084 1.27953003754 1.2799141635 1.27993835418 1.27995770672 1.27996254486 28.4089347897 28.4089513426 28.4090069518 28.409036044 28.4090423934 28.409047473 28.4090487429
1900 1.24798232865 1.24801210527 1.24844170028 1.24974122773 1.24977783725 1.24980712486 1.24981444676 28.4089317659 28.4089447713 28.4089834192 28.4090296856 28.409031692 28.4090332971 28.4090336984
1950 1.21813444257 1.21816043479 1.21853371923 1.21992361553 1.2199448291 1.21996179996 1.21996604268 28.4089824686 28.4089876092 28.4090221384 28.4090624534 28.4090868206 28.4091063143 28.4091111877
