0 8.86154360026 10.7106403776
50 8.90916298506 10.6450154435
100 11.1168671695 39.1849316498
150 9.33725187378 39.9263262452
200 7.76882991282 40.3738980933
250 6.83782256141 40.6437307031
300 6.04601077222 40.8871476576
350 5.4024400869 41.052097497
400 4.8801799861 41.2193881092
450 4.46387026669 41.3472906174
500 4.11759971996 41.4353202006
550 3.81072180896 41.5467135809
600 3.54754987675 41.6282804215
650 3.31650362471 41.6591284399
700 3.11767575875 41.7316661892
750 2.94038124847 41.785248991
800 2.78172982399 41.821452488
850 2.63912133455 41.8427984039
900 2.51022044174 41.8968746605
950 2.39393384198 41.8845973912
1000 2.28545256317 41.9644765009
1050 2.15870190292 42.0289893518
1100 2.09958059779 42.0507243278
1150 2.01666315162 42.0706870224
1200 1.94206502326 42.019087649
1250 1.87144304967 42.0646018916
1300 1.80609404834 42.0787466486
1350 1.7440168883 42.1356608631
1400 1.68759448574 42.1262007353
1450 1.63381983076 42.1113329818
1500 1.5835502585 42.1823026604
1550 1.53607081081 42.188142939
1600 1.49155991797 42.1792163277
1650 1.44912185569 42.1875324528
1700 1.4082866833 42.2176001348
1750 1.37196791465 42.2271841705
1800 1.33561865335 42.2641860403
1850 1.30211304832 42.1967486877
1900 1.27025839378 42.2657457325
1950 1.23931128043 42.257733043
