0 8.83636018684 10.4790152984
50 8.99347567827 10.9670668134
100 11.1255350791 39.2465258085
150 9.34056792048 39.9159363941
200 7.80009368919 40.3714846803
250 6.82261479971 40.6717053592
300 5.99247545034 40.8751551682
350 5.40336253321 41.0299433155
400 4.89916740325 41.2076058277
450 4.47187400121 41.3474982316
500 4.11597112518 41.3884014404
550 3.8087326332 41.5145430797
600 3.54415217326 41.5862724186
650 3.31934617985 41.6565586152
700 3.11926436791 41.7474067096
750 2.93840240914 41.7488034496
800 2.78167541586 41.7794904662
850 2.63937252402 41.8370702023
900 2.51094143327 41.868374214
950 2.39286178338 41.9197994314
1000 2.28700725611 41.8774732728
1050 2.19050146703 41.9820516107
1100 2.10082681498 42.0317343778
1150 2.01818250527 42.0098168563
1200 1.9420176205 42.0858060135
1250 1.87001334698 42.0712035902
1300 1.80583711704 42.0976496754
1350 1.74422059926 42.1262856593
1400 1.68725316392 42.1127856163
1450 1.63293539575 42.137619897
1500 1.58317209578 42.164240502
1550 1.53570021445 42.2023453881
1600 1.49183117319 42.1709085614
1650 1.44923885916 42.1885450284
1700 1.40951047448 42.2176083923
1750 1.37202476419 42.1914029357
1800 1.33624364632 42.2113521719
1850 1.30252037117 42.2672138831
1900 1.26987638575 42.3065850764
1950 1.23956274719 42.2496919838
