0 7.88131138761 28.4090295966
50 7.8223321986 28.4090162434
100 7.86089793505 28.4089590923
150 7.53359191184 28.4091232859
200 6.63776626486 28.4089481116
250 5.91019028641 28.4090047406
300 5.28029561888 28.4089481449
350 4.79497155721 28.4089589331
400 4.37944250407 28.4089614712
450 3.94872478111 28.4089860705
500 3.72573985895 28.4089493252
550 3.47274942586 28.408977506
600 3.25940325332 28.4089759825
650 3.04101591131 28.4089680973
700 2.88299099432 28.4089718423
750 2.6138320907 28.4089207678
800 2.58596777226 28.4089708123
850 2.47039135302 28.4089792585
900 2.34423783525 28.4089713797
950 2.2738661238 28.4089459431
1000 2.11672878263 28.4089411859
1050 2.00489817201 28.4089444482
1100 1.94177809269 28.4089821918
1150 1.88733269299 28.4089490231
1200 1.73217242529 28.4089163575
1250 1.73749891492 28.4089245826
1300 1.6519651275 28.4089651181
1350 1.65590131994 28.4089884631
1400 1.60240428226 28.4089727795
1450 1.45610966864 28.4089407147
1500 1.51184442993 28.4089629056
1550 1.35786321282 28.408916608
1600 1.39659357256 28.4090453643
1650 1.33359493846 28.4089268395
1700 1.29819407657 28.4089417191
1750 1.27896661765 28.4089565436
1800 1.21170152045 28.4089897319
1850 0.986324223756 28.4089814757
1900 1.19254830619 28.408986216
1950 1.18508154405 28.4089413571
