0 8.14337251183 39.9558409115
50 7.92399917167 40.0396253478
100 7.66248070202 40.1885435313
150 7.75588117946 40.1381905273
200 2.00246994248 42.1081758663
250 2.11857456142 42.0501363061
300 2.22659446597 42.0127409701
350 2.26585206575 42.0239194647
400 2.04855276778 42.0132188004
450 1.8488261229 42.1040959798
500 1.78927832007 42.0748956795
550 1.69974428681 42.1302101321
600 1.61231301821 42.1225893026
650 1.47089471617 42.1929622627
700 1.33529549654 42.1995489352
750 1.24509794893 42.2785643348
800 1.19710777425 42.2514507868
850 1.12856367688 42.2767073817
900 1.07325168749 42.2645480618
950 1.04952562709 42.3359181319
1000 1.02723692133 42.2816020172
1050 0.989108164928 42.3236181846
1100 0.947155971749 42.354577055
1150 0.914078332441 42.3602123196
1200 0.886790167725 42.3680981468
1250 0.852783841579 42.3931206108
1300 0.83057086309 42.3458649431
1350 0.792269401793 42.3737660619
1400 0.771154439126 42.4746214951
1450 0.749286252325 42.4103380137
1500 0.724568870232 42.3955820361
1550 0.710936956605 42.382799495
1600 0.690614792091 42.3234968072
1650 0.676335121174 42.4439296112
1700 0.653403534729 42.4405535208
1750 0.637582208126 42.4238269395
1800 0.621066637044 42.3659944151
1850 0.597492686043 42.3842201733
1900 0.578075448233 42.4841389307
1950 0.56225110831 42.4577759566
