0 7.98582289472 28.4089613948
50 7.71428348318 28.3798748898
100 7.90512108352 28.4089485667
150 7.56017125462 28.4089322227
200 6.713506523 28.408948117
250 5.91722135076 28.4089766661
300 5.33539524213 28.4089580761
350 4.77523444022 28.4089216686
400 4.43142482341 28.4090278924
450 3.9596362616 28.4089751412
500 3.60439541105 28.408978145
550 3.49743556272 28.40901434
600 3.2610919447 28.4089123694
650 3.05196139391 28.4089495357
700 2.78932160068 28.408959247
750 2.53015343471 28.4089594069
800 2.58671149805 28.4089512435
850 2.44754030776 28.4089791056
900 2.3032745597 28.4089500914
950 2.17106013522 28.4089770645
1000 2.15486246753 28.4089376921
1050 2.05007401794 28.4089741704
1100 1.98944325846 28.4089496679
1150 1.88142299923 28.4089729144
1200 1.77641301663 28.4089323399
1250 1.77265560843 28.4089094892
1300 1.66980085597 28.4089740138
1350 1.60067180803 28.4089923987
1400 1.57486974865 28.4089548277
1450 1.54769419943 28.4089885768
1500 1.45706414441 28.4089459522
1550 1.43651377471 28.4089594854
1600 1.41137739628 28.4089401114
1650 1.36898822673 28.4089714985
1700 1.33833128368 28.4089164341
1750 1.24013890025 28.4089809144
1800 1.21229348726 28.4089330171
1850 1.24622565103 28.4089482809
1900 1.20247014824 28.4089967144
1950 1.15234900121 28.4089637445
