0 8.13556045271 39.773720261
50 8.17207579979 39.9388952742
100 8.00375082963 40.0354508524
150 7.89085434504 40.0927525807
200 2.09670615262 42.0816720462
250 2.12891196026 42.0549149434
300 2.25080654818 42.0305089924
350 2.271716371 42.0112753399
400 2.03307531999 42.0186555847
450 1.87280929333 42.0821333632
500 1.80694010763 42.0819576942
550 1.7559480158 42.086601664
600 1.64797946287 42.1344566398
650 1.41248064102 42.2092968175
700 1.32585134813 42.1761799433
750 1.24744225341 42.2236400298
800 1.19306897064 42.2642386837
850 1.13556880587 42.2933901842
900 1.07802078995 42.3038028439
950 1.04983192777 42.3019359103
1000 1.02682036666 42.3112758334
1050 0.990855059668 42.3780206519
1100 0.946460465724 42.3689256143
1150 0.922801809444 42.314897071
1200 0.887900717314 42.3503314267
1250 0.856160728193 42.3084339119
1300 0.819850610822 42.3949827895
1350 0.80085602692 42.3667677212
1400 0.774054407481 42.387775696
1450 0.743405030863 42.436724354
1500 0.732994299513 42.3655778712
1550 0.706496658015 42.3875071914
1600 0.690256230704 42.411000866
1650 0.672324155891 42.3995030598
1700 0.648419177245 42.426375691
1750 0.628351471975 42.418455569
1800 0.612462958459 42.4356939621
1850 0.596071994762 42.4953801478
1900 0.577882332097 42.4479118222
1950 0.56151276064 42.4580154555
