0 8.92629821416 10.9000042261
50 8.89224327201 10.5113075607
100 11.1101176612 39.2442158442
150 9.27457265611 39.9588956481
200 7.77706157429 40.3894613877
250 6.81684381495 40.6530490283
300 6.0435293496 40.8714575259
350 5.42113837338 41.0490790347
400 4.89643324301 41.2089885599
450 4.47235943453 41.3387820149
500 4.10735544139 41.45979703
550 3.78642447363 41.4963761665
600 3.54285547638 41.5927161528
650 3.31995168904 41.6770745683
700 3.11830157308 41.7192191441
750 2.94141741334 41.7885135714
800 2.78187082979 41.8093846611
850 2.58883882191 41.872920839
900 2.51034302294 41.9096997567
950 2.39402303237 41.922315911
1000 2.28464973909 41.9547443188
1050 2.1903597838 42.0049462359
1100 2.09901888331 41.9400000892
1150 2.01817084261 41.9720174608
1200 1.94143034171 42.0749575222
1250 1.86899585509 42.0626788474
1300 1.80559126213 42.1118022916
1350 1.74433807022 42.1089011183
1400 1.68767898941 42.183747792
1450 1.63398707602 42.1473121653
1500 1.58141101397 42.191869329
1550 1.53590827712 42.1719301038
1600 1.49101793011 42.2098476498
1650 1.44879919941 42.1836655917
1700 1.40949415898 42.2276448156
1750 1.37196773835 42.2189123065
1800 1.33654224288 42.214998813
1850 1.30224789974 42.2249482861
1900 1.27017104753 42.220595866
1950 1.23951879216 42.2452632081
