0 8.02098824571 40.0564183452
50 6.70460273372 40.4960483399
100 8.10486763854 39.9863952321
150 5.85178584739 40.7953483195
200 1.95345996085 42.1259024147
250 2.15232504307 42.0610806445
300 2.25327612079 41.9923594878
350 2.27250442903 42.0245753982
400 2.04708098131 42.0520316668
450 1.82486183049 42.0543397708
500 1.75294906153 42.0992576893
550 1.7049282051 42.1338834332
600 1.63868571354 42.1472592685
650 1.47778960314 42.0884456679
700 1.33277408186 42.2352104616
750 1.24962487957 42.2733245243
800 1.20065052592 42.2714494981
850 1.13278375872 42.2778746866
900 1.08213343724 42.2408003354
950 1.04239331985 42.361888784
1000 1.01607017488 42.3440186997
1050 0.987078864948 42.350786646
1100 0.957344513367 42.3301497759
1150 0.921815543993 42.3650530438
1200 0.885068780066 42.3497006666
1250 0.846303729194 42.380346383
1300 0.828974004582 42.3841999836
1350 0.798242144247 42.3752526938
1400 0.775777771639 42.4100281256
1450 0.740718959086 42.4159686118
1500 0.727593733324 42.384933611
1550 0.712568646054 42.4414227349
1600 0.684516357543 42.4630906808
1650 0.676380037036 42.4223447477
1700 0.657223226174 42.4302593942
1750 0.634860357148 42.4003744017
1800 0.613305042824 42.3940574576
1850 0.595849014384 42.4535182992
1900 0.575565782436 42.4708925751
1950 0.560553093582 42.4300163514
