0 7.85626761724 28.4089493896
50 7.9026375757 28.4089970079
100 7.82625183409 28.4090231805
150 7.58035700672 28.4089379856
200 6.64225798269 28.4089544333
250 5.89400994949 28.4089494289
300 5.26617829693 28.4089398177
350 4.79382714549 28.4089709675
400 4.33803457661 28.4089323284
450 3.94482451803 28.4089312883
500 3.73067251161 28.4090038925
550 3.48665916583 28.4089434732
600 3.22711755244 28.4089410024
650 3.02930654983 28.4089668137
700 2.84971315967 28.4089147652
750 2.70048548666 28.4089445922
800 2.59160707013 28.4089354458
850 2.38562994077 28.4089622234
900 2.27714219594 28.4089697342
950 2.23621673177 28.4089868587
1000 2.11862820823 28.4089213905
1050 1.94730856796 28.4089596243
1100 1.89458055919 28.4089499091
1150 1.91263116105 28.4089578393
1200 1.82887675996 28.4089324437
1250 1.7904689289 28.4089335879
1300 1.70900283523 28.4089330372
1350 1.64990111895 28.4090054825
1400 1.55566822414 28.4089618462
1450 1.53836384564 28.4089335244
1500 1.47365601915 28.4090016318
1550 1.43577053982 28.4089539684
1600 1.39486379143 28.4089295863
1650 1.33736544219 28.4089922485
1700 1.319016162 28.4089211305
1750 1.28903407423 28.4089530373
1800 1.24354826433 28.4089964161
1850 1.15543949956 28.4090132355
1900 1.21069314807 28.4089245696
1950 1.1555988207 28.4089297143
