0 9.11707680048 11.6464394416
50 8.92717999456 10.6327386168
100 11.1548224238 39.2523286863
150 9.30978724362 39.9365828723
200 7.84192173093 40.3698741388
250 6.83117872144 40.6588068552
300 6.04941101502 40.8895993506
350 5.41326518217 41.0528087428
400 4.88513293113 41.2243736561
450 4.45978729545 41.3363239623
500 4.11570677768 41.4189348974
550 3.80631505637 41.5252579289
600 3.54526738464 41.6138548768
650 3.31748872796 41.6274857692
700 3.11875812903 41.7176060658
750 2.93853634096 41.8050028299
800 2.78063611733 41.7793764851
850 2.63954503228 41.8745903271
900 2.51072942241 41.9150029752
950 2.39342485451 41.9423323806
1000 2.28834853422 41.9379329239
1050 2.18978336078 41.906763448
1100 2.09951957326 42.0142744202
1150 2.01843414346 42.041548677
1200 1.94190171563 42.022095496
1250 1.87152488485 42.1010036791
1300 1.80600738243 42.09682238
1350 1.74482588142 42.1599744091
1400 1.68752721167 42.164561762
1450 1.63383479387 42.1523083761
1500 1.5837252806 42.1296001392
1550 1.53585953261 42.2382280055
1600 1.49152821154 42.1999387002
1650 1.44899772497 42.2200999954
1700 1.40948817465 42.1379869892
1750 1.37231048698 42.2344527685
1800 1.33625106421 42.2449218844
1850 1.30275537786 42.2480227322
1900 1.27028360995 42.2673743126
1950 1.23947895813 42.254457326
