0 7.78205845837 28.4090063469
50 7.89049536609 28.4089774295
100 7.88495416829 28.409008595
150 7.5781802954 28.4089633392
200 6.65687168335 28.408954593
250 5.87265954203 28.4089775035
300 5.27492687889 28.4089816715
350 4.79475148871 28.408939504
400 4.37273904596 28.4089605271
450 3.99009976816 28.4089687759
500 3.73521724156 28.4029952904
550 3.41318182957 28.4089563512
600 3.25953575413 28.4089468785
650 3.01768511393 28.4089425877
700 2.83778251147 28.4089321001
750 2.71269172083 28.4089947074
800 2.5650222619 28.4089625877
850 2.46301441931 28.4089966095
900 2.31760539677 28.4089456698
950 2.23081613772 28.4089590467
1000 2.11666002939 28.4089602842
1050 2.04224850521 28.4089331759
1100 1.93825426328 28.4089871643
1150 1.90917981505 28.4089224768
1200 1.76329280628 28.4089899813
1250 1.77038367647 28.4089433419
1300 1.63079045681 28.4089712135
1350 1.61516326389 28.4089713234
1400 1.3647931977 28.4089728667
1450 1.51135593008 28.4089522234
1500 1.48476263283 28.4089511751
1550 1.41759850444 28.4090168412
1600 1.3932007826 28.4089410469
1650 1.37777336713 28.4089615095
1700 1.31437663903 28.4089416067
1750 1.2992605918 28.408964496
1800 1.25513456423 28.4089258425
1850 1.24346141957 28.4089184667
1900 1.18528347923 28.408991595
1950 1.13708316173 28.408958632
