0 7.82605419911 28.4089863308
50 7.88777515766 28.4089915289
100 7.791321966 28.4089229555
150 7.58310226367 28.4088829846
200 6.67328486607 28.4090141124
250 5.89375021458 28.4089307847
300 5.26715126717 28.4089274113
350 4.78291931369 28.4089406656
400 4.38078568905 28.4089705206
450 4.01862549979 28.4089296259
500 3.7440914074 28.4089643448
550 3.48809136574 28.408975108
600 3.23800639841 28.408957815
650 3.0411234384 28.4089601434
700 2.80734639912 28.4089083712
750 2.69594480304 28.4089774434
800 2.57908806983 28.4089856917
850 2.46201365489 28.4089433983
900 2.2757989294 28.4089137304
950 2.2340035381 28.4088925257
1000 2.1518931259 28.4089343126
1050 1.96786245687 28.4089299108
1100 1.97466263631 28.408951795
1150 1.83863920868 28.4089123739
1200 1.83142952887 28.4089449673
1250 1.66974648758 28.4089147396
1300 1.62993432681 28.4089215924
1350 1.61606360402 28.4089417039
1400 1.60673199886 28.4089846776
1450 1.55469056248 28.4089558258
1500 1.4813373765 28.4089829966
1550 1.43947707739 28.4089627504
1600 1.41560072271 28.40897235
1650 1.32097940742 28.4089254075
1700 1.34757761068 28.4089166784
1750 1.27773593821 28.4089612224
1800 1.27259241548 28.4090147519
1850 1.19844743597 28.4089618169
1900 1.20881273269 28.4089466441
1950 1.18467055464 28.4089906261
