0 8.12401685176 39.6242675639
50 5.71002769784 40.8412132481
100 7.63261329488 40.1389896046
150 7.88531377643 40.0928156448
200 1.87822351165 42.1347847825
250 2.19404483816 42.0481229566
300 2.28431859243 41.9972116498
350 2.26804879694 42.0016585281
400 2.02927574499 42.0300141609
450 1.85792070745 42.076343966
500 1.76610991527 42.0820263706
550 1.7476997283 42.1091211405
600 1.67113295528 42.1254138697
650 1.48009344988 42.1806833477
700 1.33335820284 42.2643140087
750 1.25769941124 42.2520699564
800 1.18391476107 42.2764867175
850 1.13520201812 42.29565173
900 1.08284894477 42.3223098016
950 1.04951373951 42.3332103913
1000 1.02476505238 42.3152611522
1050 0.994588166074 42.350182594
1100 0.942581982383 42.3218811258
1150 0.919679421589 42.3369135452
1200 0.889554873783 42.3690616814
1250 0.846834655225 42.3454696863
1300 0.826461920829 42.4098773819
1350 0.79490692617 42.3398484306
1400 0.770070781524 42.4175548787
1450 0.748355206326 42.3709405633
1500 0.730842085975 42.3784901378
1550 0.704089567682 42.4059958544
1600 0.683181777433 42.3715362829
1650 0.668981511595 42.4257117772
1700 0.642603843118 42.4072864488
1750 0.629873503826 42.4418981313
1800 0.612320232738 42.4541366122
1850 0.594735777846 42.4689329137
1900 0.578424047345 42.4336214267
1950 0.560751532136 42.427033321
