0 7.86682665684 28.4090069849
50 7.87287818107 28.4090077167
100 7.80509907833 28.4089843352
150 7.56140718972 28.4089750768
200 6.64431142655 28.4089527142
250 5.89021767835 28.4089942039
300 5.28709397991 28.4090031586
350 4.78484419513 28.4089447197
400 4.38048346188 28.4089640419
450 3.99537838424 28.4089793384
500 3.69213730573 28.4089583557
550 3.49495012417 28.4089290319
600 3.25370560865 28.4089314596
650 3.06549434728 28.4089814217
700 2.88373964154 28.4089853118
750 2.58046261696 28.4090297129
800 2.56768778572 28.4089460483
850 2.46152969449 28.4089685926
900 2.35663588437 28.408971319
950 2.16956641034 28.4089652947
1000 2.0375635023 28.4089811997
1050 1.97067383586 28.408984822
1100 1.9295138183 28.4089175286
1150 1.90622554864 28.4089666398
1200 1.83106650775 28.408954559
1250 1.77408152936 28.4089899187
1300 1.66503994253 28.4089846748
1350 1.57948761919 28.4089504553
1400 1.58649442411 28.4089687565
1450 1.51817050183 28.4089632426
1500 1.51031660339 28.4090013341
1550 1.43913071084 28.4089189737
1600 1.32827927011 28.4089962958
1650 1.37651365967 28.4089889185
1700 1.30096892329 28.4089972927
1750 1.27239171315 28.4089621859
1800 1.24274106713 28.4089470389
1850 1.2071715773 28.4089461874
1900 1.20953588484 28.4089470686
1950 1.18416951419 28.4089439863
