0 8.80973820489 10.6523184658
50 8.69854907006 10.3262382166
100 11.1579117453 39.2366074939
150 9.2425957425 39.9549446015
200 7.7980467194 40.3695667542
250 6.83363352847 40.664523024
300 6.05889087646 40.8600751647
350 5.40662862485 41.0437041635
400 4.90359839635 41.2043509515
450 4.4606662861 41.3479347432
500 4.11392771531 41.4191794416
550 3.80692096914 41.5076453477
600 3.54647597934 41.5828973575
650 3.31169604551 41.6612568755
700 3.11881257303 41.7294407721
750 2.94029050994 41.7485349979
800 2.77371927858 41.8466707164
850 2.63899652623 41.8669693654
900 2.50927890531 41.9013538832
950 2.39007208016 41.8954627811
1000 2.28790576059 41.9478780758
1050 2.1895770666 42.0073311495
1100 2.10057824761 42.028657465
1150 2.01823974651 42.0670999751
1200 1.94204569112 42.0484788119
1250 1.87162184217 42.11275049
1300 1.80504043005 42.1129497082
1350 1.744863985 42.0925597135
1400 1.68689945321 42.0403611564
1450 1.63352637897 42.1455877186
1500 1.5835761645 42.1813149888
1550 1.53579630896 42.1859663694
1600 1.49131324895 42.1991298632
1650 1.44950623644 42.2011259253
1700 1.40954599023 42.2391243472
1750 1.37192465409 42.2384890461
1800 1.33629633389 42.2344001572
1850 1.30259371888 42.2629915243
1900 1.27032102394 42.2214727216
1950 1.23958317574 42.2738198392
