0 7.8288181948 28.4089769891
50 7.89415750995 28.4090426874
100 7.84894236851 28.4089865715
150 7.54722881036 28.4089734908
200 6.67025327573 28.4089630492
250 5.89016219798 28.4089417263
300 5.27761491743 28.4089717834
350 4.79931318248 28.4089540074
400 4.37926492707 28.408998098
450 4.01072803302 28.4089705579
500 3.64561816094 28.4089400254
550 3.49494335658 28.4089388139
600 3.25646307853 28.4089724397
650 2.99377738577 28.4089420919
700 2.88677890717 28.4089806355
750 2.73638128752 28.4089783086
800 2.57376895636 28.4089362411
850 2.40687062653 28.4089501903
900 2.34063087812 28.4089617371
950 2.22307045687 28.408964191
1000 2.12398280485 28.4090145987
1050 2.03162612812 28.4089519168
1100 1.98449312595 28.4089646021
1150 1.8839768094 28.4089255054
1200 1.83596079213 28.4089508022
1250 1.77715748301 28.4089662627
1300 1.60086790717 28.4089450593
1350 1.57997230048 28.4089842458
1400 1.49352524827 28.4089356725
1450 1.54359499788 28.4089486554
1500 1.42239818671 28.4089201069
1550 1.44584027723 28.4090013103
1600 1.40510386254 28.4089802363
1650 1.29968510255 28.4089486739
1700 1.32324615254 28.4089465965
1750 1.28943858704 28.4089471055
1800 1.24766527036 28.4089174913
1850 1.22901407096 28.4090130373
1900 1.16739748227 28.4089423119
1950 1.18429272456 28.4089351841
