0 8.1466530562 39.9666414349
50 7.79441258146 40.1104670578
100 7.2306518429 40.3789359454
150 7.40634617231 40.2681032218
200 1.969080133 42.0731016594
250 2.01084018527 42.0884935967
300 2.22795819783 41.9663932002
350 2.28551384877 41.9963547676
400 2.0378847084 42.0176451829
450 1.8595837285 42.0680237838
500 1.79165555585 42.0889974814
550 1.69814374649 42.1364078326
600 1.62758225005 42.1290015255
650 1.44795252987 42.2038483015
700 1.32759636762 42.220061746
750 1.2483078522 42.2092782257
800 1.19142775651 42.2327486469
850 1.13433141532 42.2880133907
900 1.08115018276 42.2999330894
950 1.04829574256 42.3223348826
1000 1.02727803509 42.3019283938
1050 0.98516652691 42.351169979
1100 0.956404797528 42.3303870679
1150 0.92088245613 42.3553474553
1200 0.885025170507 42.3583765061
1250 0.845609372813 42.370337171
1300 0.827222343379 42.3741699638
1350 0.803133336253 42.4048629658
1400 0.768507986911 42.3748870364
1450 0.750633774441 42.3923773487
1500 0.728208213794 42.4050701808
1550 0.703241362762 42.3912760942
1600 0.697259450642 42.4659457269
1650 0.671463460122 42.4222298905
1700 0.650158670838 42.4165045469
1750 0.631679969273 42.408418899
1800 0.60986991038 42.4178676455
1850 0.591471161483 42.4150894052
1900 0.574514228363 42.4435511079
1950 0.560886094148 42.4862178124
