0 7.80520825867 28.4089379194
50 7.89567918146 28.4089736955
100 7.76739367376 28.4089777138
150 7.60815834005 28.4089000806
200 6.63423894299 28.4090128785
250 5.88458575328 28.408949416
300 5.28843946965 28.4089203918
350 4.77267532628 28.4089736701
400 4.33057518563 28.4089420048
450 4.01683653191 28.4090054227
500 3.73797680521 28.4089553393
550 3.48257099725 28.4089644251
600 3.2238178529 28.4089696411
650 3.05473774751 28.4089717968
700 2.84740060709 28.4089542795
750 2.74172247581 28.408947933
800 2.56708790681 28.4089047103
850 2.45628310637 28.4089379399
900 2.27117253799 28.4090218085
950 2.12075140415 28.4089517548
1000 2.14917142888 28.4089409305
1050 2.03536710761 28.4089081828
1100 1.98250364379 28.4089534334
1150 1.84336881354 28.4089434982
1200 1.77906588176 28.4089785041
1250 1.73484780549 28.4089691313
1300 1.6693025387 28.4089238461
1350 1.62853949922 28.4089676704
1400 1.59682231838 28.4089433609
1450 1.4842176229 28.4090024044
1500 1.45783411431 28.408977464
1550 1.4200210684 28.3501530146
1600 1.41495785507 28.4089164982
1650 1.32032388401 28.4089760948
1700 1.25591697427 28.4089508203
1750 1.31310262742 28.4089490391
1800 1.23953234946 28.4089714679
1850 1.23266652744 28.408984518
1900 1.183871629 28.4089431678
1950 1.11606846212 28.4089488047
