0 7.56490602552 40.2344440519
50 7.81622263275 40.0765419862
100 7.6870277808 40.1319357636
150 7.42453747239 40.2691550899
200 1.91712674848 42.09792035
250 2.12199919545 41.9806112542
300 2.17323239982 42.0252795272
350 2.27395184271 42.0214130138
400 2.07119465744 42.0324240161
450 1.85664757931 42.0825386783
500 1.74789735928 42.0901263895
550 1.73323488187 42.1339312108
600 1.64935974544 42.1574409184
650 1.44053523825 42.2138082403
700 1.32951668329 42.225047404
750 1.24226844547 42.2804539314
800 1.19192213513 42.2542355261
850 1.13372691095 42.2893463677
900 1.07451208744 42.2888529456
950 1.05340232205 42.3233570899
1000 1.02159131858 42.333190253
1050 0.997453437027 42.3215212656
1100 0.942773717684 42.3482188788
1150 0.91684236404 42.3502992948
1200 0.890962357371 42.319114174
1250 0.845485526454 42.3448655219
1300 0.823868067181 42.3510511095
1350 0.805956676106 42.392432275
1400 0.780602685785 42.3426284916
1450 0.750150327474 42.3923333877
1500 0.730496854152 42.3542143024
1550 0.703936581999 42.3939748328
1600 0.691882569178 42.405092016
1650 0.669916895801 42.4231615336
1700 0.650484486626 42.3924180979
1750 0.633553422035 42.4469516567
1800 0.614790983765 42.4439165961
1850 0.590985967599 42.4882918292
1900 0.578060657821 42.4654310903
1950 0.561253824587 42.4093930019
