0 7.83240215783 28.4090279098
50 7.85650014604 28.4089580991
100 7.87590151686 28.409031302
150 7.5164610226 28.4090018456
200 6.65546591633 28.4089522652
250 5.87898698902 28.4089649851
300 5.37300566536 28.4089650285
350 4.78954016893 28.4089719291
400 4.39193827997 28.4089254404
450 3.94477329204 28.4090384751
500 3.69071686167 28.4089737096
550 3.46849982259 28.4089332312
600 3.26347236636 28.4089562546
650 3.0200493437 28.4089954669
700 2.87379875311 28.4089862061
750 2.7270374257 28.4089614577
800 2.5853253106 28.4089639555
850 2.47254873858 28.4089633215
900 2.28708517883 28.4089499113
950 2.24993872365 28.4089792838
1000 2.14990663688 28.4088997289
1050 1.88301204419 28.4089469687
1100 1.98704747351 28.408964428
1150 1.84991735097 28.4089532152
1200 1.77881131565 28.408984979
1250 1.74723346242 28.4089207057
1300 1.70712216222 28.4089132822
1350 1.63993410929 28.4089255926
1400 1.60287911875 28.4089615677
1450 1.52092121045 28.4089970137
1500 1.45723547963 28.4089495636
1550 1.36652624225 28.4089571291
1600 1.39203878766 28.4089816647
1650 1.38442550504 28.4089363218
1700 1.32178764702 28.4089627837
1750 1.27440254843 28.408931111
1800 1.23760982731 28.4089183641
1850 1.23009942318 28.4089659046
1900 1.18071086936 28.4089255297
1950 1.1958063587 28.4089614981
