0 8.23216301046 39.7443768379
50 8.12337731916 39.9825506236
100 7.833171318 40.0586329326
150 7.3860927896 40.2923851005
200 1.84450982751 42.1355105032
250 2.12859150141 42.0717063124
300 2.20262030699 42.0567306035
350 2.28524742065 41.9216634132
400 2.03519587023 42.038882462
450 1.87049870461 42.0539651724
500 1.72917754652 42.1170955385
550 1.6739994493 42.1499735946
600 1.63355810771 42.1227685328
650 1.45094341683 42.2309550463
700 1.32035613311 42.1980157435
750 1.24368893925 42.2847558617
800 1.19456896759 42.2887714332
850 1.1387016827 42.2514407871
900 1.08292907111 42.3057103486
950 1.04693759302 42.3171421221
1000 1.01198145884 42.3111821774
1050 0.986299656368 42.2963893825
1100 0.963618965803 42.348396381
1150 0.909993178547 42.2891738732
1200 0.880962682955 42.3478815497
1250 0.85326965209 42.3695269698
1300 0.821788371028 42.3335892183
1350 0.800613065793 42.3480654114
1400 0.77227422722 42.415948155
1450 0.745359385172 42.4356072234
1500 0.722710963647 42.3797979266
1550 0.706228916269 42.4252489076
1600 0.690533660785 42.4461021247
1650 0.66762277835 42.4476810038
1700 0.648160562328 42.4646002516
1750 0.632398923952 42.4319206405
1800 0.611908524416 42.4444294252
1850 0.591337962166 42.4527205086
1900 0.578555140591 42.4501591609
1950 0.561060015762 42.4250707849
