0 8.79369049107 10.3814751987
50 8.77240035749 10.4157365251
100 11.1993383808 39.1537285049
150 9.28758018824 39.943353429
200 7.82564524376 40.3698633293
250 6.78930792676 40.6678608694
300 6.04904425657 40.8695533857
350 5.40091306204 41.0594678727
400 4.9046975865 41.2142149308
450 4.47046558798 41.3108845703
500 4.11422019533 41.4155775486
550 3.80697978402 41.5143097258
600 3.54752478163 41.6075579071
650 3.31677781071 41.6658875885
700 3.11937092579 41.7558171384
750 2.9412014753 41.7827507137
800 2.78148025252 41.792619396
850 2.63870548772 41.8476055583
900 2.50887302174 41.8694825409
950 2.39400821207 41.9082751327
1000 2.28652017381 41.9588815025
1050 2.19110041785 41.9736321059
1100 2.10088831665 42.0130286013
1150 2.01754879825 42.0543867168
1200 1.94096968915 42.0528488216
1250 1.87122060575 42.0794121209
1300 1.80599714122 42.0829512477
1350 1.74431536447 42.1221471978
1400 1.687307677 42.1206643366
1450 1.63377264908 42.149118328
1500 1.58305837962 42.1562030062
1550 1.5359933721 42.1934402376
1600 1.49103200428 42.170019778
1650 1.44876273301 42.2064932059
1700 1.4096851842 42.2089668463
1750 1.32712939144 42.19571868
1800 1.33630494848 42.1895686661
1850 1.30243040811 42.2762364824
1900 1.27018793549 42.2026466195
1950 1.23956041721 42.2537148768
