0 7.40333170953 40.2772782242
50 7.905440759 40.0505616275
100 7.77549742033 40.1774183098
150 7.58927000594 40.2104921261
200 2.07453292396 42.0492612261
250 2.17937176744 42.0427894301
300 2.24133158726 42.0286777633
350 2.26286763587 41.9946764783
400 2.03791266056 42.0220390166
450 1.88108900829 42.0820453166
500 1.77142024068 42.0712323313
550 1.74133744994 42.0685142794
600 1.67949803135 42.0667791199
650 1.48540463213 42.1943496545
700 1.33697817201 42.2356284555
750 1.25142323398 42.2049922766
800 1.19010595787 42.2783306602
850 1.13242328995 42.2797321947
900 1.07986410842 42.2762689702
950 1.04398447449 42.324264068
1000 1.00666416984 42.3316638932
1050 0.985838541044 42.3244076162
1100 0.961421839014 42.3340698227
1150 0.920811430008 42.3617237182
1200 0.883781347552 42.3556693926
1250 0.844388224603 42.3504027646
1300 0.823142449689 42.3961139001
1350 0.796843193526 42.384707836
1400 0.773330099615 42.4287446351
1450 0.750932047574 42.4028546717
1500 0.726109925625 42.3891490886
1550 0.70715623709 42.3819698229
1600 0.691046732285 42.3978228873
1650 0.670014094221 42.3971922758
1700 0.652727951957 42.4656995401
1750 0.637065689992 42.4382809074
1800 0.616286456349 42.4447310735
1850 0.592436831252 42.4571175727
1900 0.576944831977 42.4652751112
1950 0.562916927958 42.4501086519
