0 8.64787245733 10.2382023481
50 8.7724711623 10.515456473
100 11.1071734997 39.2238200951
150 9.27429538299 39.9602109043
200 7.79583929217 40.3733234982
250 6.82146341308 40.6655383348
300 6.05270500112 40.8699139107
350 5.41933553792 41.0294494836
400 4.90214912755 41.2072245098
450 4.4693257483 41.3367713503
500 4.11745267123 41.4362388692
550 3.80970662988 41.5171367251
600 3.54258037933 41.5818608831
650 3.31790162865 41.6623491319
700 3.11900222727 41.7263907536
750 2.93960994353 41.7195863081
800 2.78172351306 41.8079841177
850 2.63923544034 41.8413596336
900 2.50957952832 41.8139545513
950 2.39382446218 41.9369966197
1000 2.28681781527 41.9691348959
1050 2.18596969126 42.0165433059
1100 2.10064149362 41.9877775094
1150 2.01755020427 42.0521751013
1200 1.94177565928 42.0538944304
1250 1.87042080552 42.0652433207
1300 1.8052505182 42.0967858696
1350 1.74477040044 42.1191750296
1400 1.68751083512 42.1348485539
1450 1.63380988489 42.1720256968
1500 1.58329099134 42.1621581364
1550 1.53577943745 42.1793539167
1600 1.49126175102 42.2210062057
1650 1.44938433989 42.2191240638
1700 1.4080908941 42.221601121
1750 1.37186530661 42.2064366007
1800 1.33622820581 42.2240859086
1850 1.30209451594 42.2558088147
1900 1.27041471522 42.2749324606
1950 1.23910192989 42.2372687469
