0 6.73248113624 40.5242682514
50 8.13372080708 39.9443152229
100 7.7964046213 40.0266514925
150 7.27865199772 40.3010793977
200 1.94493219974 42.1079085694
250 2.15257976042 42.0020936741
300 2.25739464729 42.0361294288
350 2.28494206137 41.9916575827
400 2.0404723949 42.0594357328
450 1.84152813767 42.0728445816
500 1.75644154984 42.1276844021
550 1.72100452082 42.1496125942
600 1.6097556615 42.136109875
650 1.43203034979 42.2195944781
700 1.32077591717 42.2431516545
750 1.24833852569 42.2464247223
800 1.19233886661 42.2635435368
850 1.13212218365 42.2588532919
900 1.0826153741 42.3367355698
950 1.04515094067 42.3037392999
1000 1.01310652398 42.3269250578
1050 1.00364849824 42.2992077123
1100 0.958727668851 42.3109455333
1150 0.918165736653 42.3444919148
1200 0.883416853586 42.2919151688
1250 0.847907525761 42.3616197456
1300 0.82561059548 42.3578247521
1350 0.795406090989 42.3518021866
1400 0.770062326573 42.376844697
1450 0.74904855716 42.3615857143
1500 0.73733117751 42.345605775
1550 0.710127598281 42.4475572144
1600 0.693975479775 42.4027443486
1650 0.673263156859 42.383456769
1700 0.651015860044 42.3292504429
1750 0.63402724952 42.4515305988
1800 0.614849827294 42.4212551432
1850 0.596240643183 42.3766573875
1900 0.57720591973 42.4293782404
1950 0.561339414323 42.4685602029
