0 8.83275787468 10.9340522037
50 8.67339396895 10.2149815628
100 11.1279821324 39.2142975607
150 9.33300537577 39.9474563762
200 7.80324831278 40.3588399307
250 6.79693733501 40.6694889049
300 6.04728305274 40.8620378151
350 5.41540977302 41.052360869
400 4.88217851192 41.221286404
450 4.47629113889 41.3268625632
500 4.11634067592 41.4363772157
550 3.80833310541 41.5263482067
600 3.54679869895 41.617029209
650 3.32035934271 41.6716681732
700 3.11858798545 41.7329639923
750 2.93915864142 41.7756297484
