0 8.68517934314 10.2907025081
50 8.68309535113 10.2469186849
100 11.1814981168 39.1906748759
150 9.30222581261 39.9477531043
200 7.82803925918 40.3720832959
250 6.85217619247 40.6335100846
300 6.02852670356 40.8602700273
350 5.4156445477 41.0561728649
400 4.89551475408 41.2040972939
450 4.43639888354 41.3527920856
500 4.11208515089 41.4310497651
550 3.8102423232 41.5209093519
600 3.54593469365 41.582289479
650 3.31683065387 41.6524735702
700 3.11462909147 41.7034549805
750 2.93871078882 41.7620315865
800 2.78000025756 41.8181047495
850 2.63611547997 41.8776239093
900 2.50988319341 41.8509587694
950 2.39376718955 41.9459222329
1000 2.28780234886 41.9886528703
1050 2.18683931815 42.0175519461
1100 2.10015713272 42.032787977
1150 2.01786244324 42.0519290477
1200 1.9413525093 41.9974800067
1250 1.87083385111 42.0461004272
1300 1.8060775511 42.0851191929
1350 1.74444103378 42.0811865355
1400 1.687272808 42.0190335753
1450 1.63381257263 42.1422118391
1500 1.58277611495 42.1831994025
1550 1.53578123865 42.1754152424
1600 1.49157635463 42.1899357253
1650 1.44877438505 42.1396460026
1700 1.40899160894 42.2557724696
1750 1.37206408853 42.234212286
1800 1.33632559237 42.2012473674
1850 1.30270007929 42.2389166342
1900 1.26977174211 42.2451077025
1950 1.23950564904 42.2776305806
