0 4.36279351776 20.6778024075
50 4.39985641669 20.7357842177
100 4.36493884708 20.7063857678
150 4.36837894034 20.7449615715
200 4.37245687608 20.7515989884
250 4.14835994364 20.7191898504
300 3.80765900787 20.7170505191
350 3.50168849038 20.8116404304
400 3.30680717268 20.8228401536
450 3.08972209232 20.8568535249
500 2.90675502405 20.8896945828
550 2.7790117859 20.8992023042
600 2.60293920211 20.945866051
650 2.42688092426 20.9861171321
700 2.32552819292 20.9765158053
750 2.21763976838 20.9802631697
800 2.13645840741 20.9848850812
850 2.01380714068 21.0153236006
900 1.84270398937 21.0669793543
950 1.88182219976 21.0237222263
1000 1.80973091115 21.0434742685
1050 1.76838195354 21.0652547117
1100 1.71080677814 21.0765127268
1150 1.63935553829 21.076079932
1200 1.57143184952 21.0789099139
1250 1.57082547622 21.0785805748
1300 1.52651811774 21.0890595569
1350 1.48400825968 21.0934532632
1400 1.42106339714 21.0991624026
1450 1.36339425749 21.0997667648
1500 1.30012040598 21.0969476934
1550 1.32869038458 21.1284646836
1600 1.27973640849 21.1280767154
1650 1.24548885712 21.1048766084
1700 1.22444509872 21.1299180273
1750 1.15533602315 21.1410162803
1800 1.15455932395 21.1332820845
1850 1.1342783648 21.1802816972
1900 1.08152865751 21.1626729966
1950 1.08315131772 21.1531674782
