0 4.35734028588 20.720910963
50 4.36126973732 20.7130345149
100 4.35229117334 20.7353538273
150 4.36696937007 20.7452443475
200 4.36428710914 20.7530590725
250 4.22520445354 20.7017295183
300 3.8198166846 20.7593973178
350 3.50875742608 20.8083705574
400 3.30802520577 20.840180358
450 3.09713569347 20.8645301291
500 2.91281782858 20.8975115405
550 2.71156774795 20.9182074391
600 2.60152333484 20.9233900625
650 2.43997608652 20.951555288
700 2.34195398406 20.9963323155
750 2.16081121376 21.0051931537
800 2.08466481684 21.0216231781
850 1.96868395988 21.0153928972
900 1.92873641642 21.0188192071
950 1.85519250484 21.0519928172
1000 1.78001871676 21.0488312502
1050 1.75701962251 21.0393801784
1100 1.71903961462 21.0600317646
1150 1.63902526 21.0659184139
1200 1.60484226671 21.0827099904
1250 1.52694666513 21.0604638501
1300 1.49786086272 21.1000163531
1350 1.46053810173 21.1209644396
1400 1.38292132678 21.1332371289
1450 1.38040058113 21.0879691283
1500 1.2907567112 21.1215231327
1550 1.31308989064 21.1114239601
1600 1.18923579386 21.1531866218
1650 1.23761185979 21.1297726549
1700 1.21012504276 21.1435041456
1750 1.1541975311 21.1321478826
1800 1.15876402169 21.1289653128
1850 1.13543481344 21.1148603647
1900 1.07137866466 21.1513247575
1950 1.05345553279 21.1580475323
