0 4.3619327662 20.7525984433
50 4.42453348723 20.696815694
100 4.39387351464 20.7372780631
150 4.36862538656 20.7324924921
200 4.37430344446 20.7502686285
250 4.09526974159 20.7326614604
300 3.82582363187 20.7696029064
350 3.51904223451 20.8079174861
400 3.31443645873 20.8179683509
450 3.08237674423 20.8776268989
500 2.91466741871 20.8885728041
550 2.74959949266 20.9263512135
600 2.55110586493 20.965033422
650 2.43669342455 20.950810779
700 2.35856097415 20.9717474347
750 2.23185277927 20.9865190146
800 2.11559670395 20.997790719
850 2.08614417875 21.0277921916
900 1.97157157082 21.0329996494
950 1.88413334088 21.0450564001
1000 1.78196832163 21.0655114962
1050 1.75679759465 21.054419565
1100 1.71835453861 21.0924719876
1150 1.63114605946 21.0664532448
1200 1.60668007823 21.1022266993
1250 1.54548550784 21.0942735999
1300 1.47892963865 21.1119394614
1350 1.46426890567 21.0899191975
1400 1.39258515828 21.1150636593
1450 1.3828208225 21.119358759
1500 1.34341634224 21.1151157603
1550 1.29372699059 21.0948571323
1600 1.26570008028 21.1303613127
1650 1.25190156046 21.1410204132
1700 1.21822653735 21.1306817832
1750 1.16622322959 21.1343626121
1800 1.14302333435 21.1586345334
1850 1.10413168492 21.1661758314
1900 1.10867383763 21.144740554
1950 1.08223063114 21.1647936627
