0 5.90719991158 40.6791799887
50 6.33582734913 40.5762248103
100 6.28265285364 40.3417559355
150 6.33693443995 40.5120825887
200 6.32907473228 40.5281388641
250 6.31134574331 40.4531387919
300 5.99841868515 40.7728818491
350 5.40364736873 40.8584229259
400 4.9044887701 41.0646300794
450 4.47860312177 41.2639830046
500 4.12076431986 41.4142874627
550 3.81349810174 41.5614975168
600 3.54858447093 41.5752233716
650 3.31716917015 41.6630125108
700 3.11630849494 41.7161201348
750 2.93674757541 41.7780247943
800 2.77741167711 41.771272806
850 2.6333212673 41.8290047713
900 2.50442172939 41.885615227
950 2.38742460951 41.9240602825
1000 2.28247987951 41.9341894516
1050 2.18633283439 41.9854690116
1100 2.09663654631 42.0165539761
1150 2.01472097689 42.0497311091
1200 1.93872515094 42.0585695732
1250 1.86779415663 42.0728505438
1300 1.80199862072 42.0331944406
1350 1.74151174269 42.135741314
1400 1.68458252564 42.0928212031
1450 1.63109305728 42.1355711451
1500 1.58048851789 42.1525152255
1550 1.53265253265 42.1790352625
1600 1.48876432899 42.2137976734
1650 1.44664987335 42.1698077681
1700 1.40653279905 42.227717651
1750 1.36931960082 42.2546011095
1800 1.33361165271 42.2393326776
1850 1.30004401606 42.2422764632
1900 1.26746798387 42.2750814965
1950 1.23692154412 42.2292753262
