0 6.29693626725 39.8914414578
50 6.31261256946 40.5987899813
100 6.28614306902 40.5662054488
150 6.29607619949 40.3307563076
200 6.29720004523 40.5209450557
250 6.30381702911 40.4964366271
300 5.99831449689 40.8564849715
350 5.41041909464 40.8324236477
400 4.90399544287 41.0432891545
450 4.47951692335 41.2216222098
500 4.1201952713 41.4408358498
550 3.81367967285 41.5352336653
600 3.54810709335 41.6191163621
650 3.31763026501 41.6701554709
700 3.11734506379 41.7251581376
750 2.93668485283 41.7742434337
800 2.77645688686 41.7607232256
850 2.63355446346 41.8444673565
900 2.50517500062 41.8939850868
950 2.38714560985 41.9459152007
1000 2.28234657042 41.9758625883
1050 2.1855315021 41.9594894411
1100 2.09608414572 42.0023380315
1150 2.01392246637 41.9309499207
1200 1.93864238167 42.035718592
1250 1.86806837436 42.0835019208
1300 1.80228470051 42.0922219473
1350 1.7407047154 42.1006378145
1400 1.68370147536 42.1199241704
1450 1.63057572319 42.1577950329
1500 1.5803901544 42.1569477614
1550 1.53318698019 42.1978295361
1600 1.48880363827 42.2157952436
1650 1.44601853578 42.1762166335
1700 1.40640521652 42.1653530747
1750 1.36942619938 42.2151538158
1800 1.33356421752 42.274864767
1850 1.3000440306 42.2454419084
1900 1.26800646782 42.2711115604
1950 1.23692203205 42.2674741489
