0 4.38590886612 20.7453437799
50 4.3400184465 20.7173862934
100 4.37468013159 20.7192005635
150 4.33833765668 20.714821344
200 4.36067132768 20.7461154047
250 4.15689523289 20.7057403451
300 3.8076725483 20.7505108893
350 3.52788577989 20.8108244966
400 3.28927148547 20.8313282705
450 3.04147267761 20.8786419947
500 2.90271185508 20.8957736974
550 2.75636972471 20.9210961236
600 2.59585923151 20.9329436833
650 2.44866462537 20.9698003854
700 2.34936011352 20.9631653045
750 2.2309413875 21.0052833034
800 2.1431762542 20.9967407004
850 2.03849771139 21.014987223
900 1.96723940926 21.0263509002
950 1.86106455254 21.0512959881
1000 1.8021148946 21.0539398418
1050 1.72726593315 21.0661545072
1100 1.69284711078 21.0579297321
1150 1.62390525188 21.0951850877
1200 1.59727796073 21.0442918659
1250 1.54068721438 21.1014739378
1300 1.5025841999 21.1129806474
1350 1.44425650069 21.0991799579
1400 1.42373413215 21.0989601779
1450 1.37192179306 21.116648201
1500 1.34795371658 21.1028511586
1550 1.30978688587 21.1304670638
1600 1.27968626328 21.1039453083
1650 1.19922061869 21.12240778
1700 1.20066976026 21.1293016509
1750 1.18023090321 21.1562221765
1800 1.13093979941 21.1449649868
1850 1.12698473778 21.1456888549
1900 1.0997057457 21.1420197225
1950 1.07867566238 21.152360979
