0 6.29845756901 40.5225879961
50 6.31740767813 40.4386856537
100 6.31310041494 40.5247186572
150 6.28428815519 40.5184706927
200 6.34367639571 40.4948675978
250 6.30352022472 40.5720958487
300 5.9857533101 40.8184554775
350 5.41197845481 40.8512095558
400 4.90553088497 41.0708490234
450 4.47950530943 41.2490882168
500 4.12058901946 41.4321908631
550 3.81335923697 41.477222187
600 3.54776756011 41.6083854584
650 3.31823152732 41.650051736
700 3.11623985902 41.6979403809
750 2.93538993921 41.7427082655
800 2.7758253688 41.8166396798
850 2.63425716341 41.7937336839
900 2.50667609793 41.8939608727
950 2.38807970262 41.9354860603
1000 2.28231979348 41.95699671
1050 2.18559411781 41.9818425489
1100 2.09610532591 41.9895984099
1150 2.0152541683 42.0445090293
1200 1.93938578058 42.0754059368
1250 1.86803293383 42.0966809345
1300 1.80231903955 42.0699104332
1350 1.74074238115 42.1508441122
1400 1.68430370115 42.1645963475
1450 1.63069748465 42.1380318414
1500 1.57980682872 42.1418328376
1550 1.53331240386 42.1789604067
1600 1.48854266032 42.1778307312
1650 1.44637020733 42.1825750818
1700 1.40673024495 42.2326531741
1750 1.36968724454 42.2125289818
1800 1.33336136644 42.2440507556
1850 1.29982521519 42.2539235318
1900 1.26783808761 42.2581530786
1950 1.23732569769 42.2532565045
