0 6.32569585387 40.6202366993
50 6.2765847161 40.617777358
100 6.29187505775 40.4200137632
150 6.32869003559 40.5389908623
200 6.33864528737 40.5344585592
250 5.91327425356 40.6908383941
300 5.97154008469 40.7808296855
350 5.38323422179 41.0207654083
400 4.90518769227 41.022439344
450 4.48051093351 41.2326660502
500 4.1195358331 41.4272570758
550 3.81314928463 41.495406863
600 3.5483519299 41.5850440172
650 3.31811908922 41.6671168226
700 3.11542115334 41.7277193776
750 2.93651606489 41.7447535328
800 2.77679707865 41.8285167111
850 2.63386983815 41.8658583348
900 2.50458076834 41.8974390872
950 2.38879813692 41.9354568795
1000 2.28234638586 41.979844179
1050 2.18564478889 41.9783098433
1100 2.09634825681 41.9928835847
1150 2.01447668524 41.9982131108
1200 1.93862145713 42.0397294079
1250 1.868704862 42.105224594
1300 1.80220265866 42.1155325064
1350 1.74121067126 42.0978278893
1400 1.68415271354 42.1450337735
1450 1.63098584999 42.1659563369
1500 1.58023326121 42.145571078
1550 1.53316770259 42.1961120425
1600 1.48853027205 42.2778186621
1650 1.44641151492 42.2280638082
1700 1.40641834115 42.2085784927
1750 1.36910860971 42.2391360425
1800 1.33444432829 42.2324438372
1850 1.29973450151 42.2420296101
1900 1.26774435168 42.2963549274
1950 1.23734007059 42.2731423685
