0 4.32340328036 20.7010054123
50 4.38623315877 20.7271732438
100 4.39256804183 20.7380568459
150 4.35635512581 20.6704876324
200 4.3770271102 20.7380730883
250 4.0593230657 20.7356065833
300 3.8403813357 20.7642645614
350 3.52838916861 20.8027028652
400 3.30550008796 20.8320534823
450 3.08088551023 20.8767423442
500 2.89903901628 20.8951582815
550 2.75841344905 20.9130685713
600 2.60836799153 20.9397253418
650 2.45837408612 20.9538095276
700 2.34209753559 20.9647590272
750 2.18614253036 21.0129155919
800 2.08485134694 21.0067736754
850 2.06481919079 21.0007391705
900 1.96159332053 21.0349126624
950 1.86634403193 21.0404708245
1000 1.8059231251 21.0355437625
1050 1.75097958402 21.0604029933
1100 1.71377340085 21.0676025949
1150 1.61478730524 21.082587067
1200 1.60745326835 21.0725898775
1250 1.55312688479 21.0812781922
1300 1.51335159528 21.0871005272
1350 1.45401891837 21.1183741343
1400 1.40948929517 21.1097465556
1450 1.38995336956 21.1193659343
1500 1.34866292365 21.1530273272
1550 1.30615456902 21.1412976584
1600 1.28167812097 21.1264883035
1650 1.18782839812 21.1321195984
1700 1.22033243973 21.1216182793
1750 1.15386498175 21.1549402309
1800 1.16413314886 21.1459347607
1850 1.13424373212 21.1453346264
1900 1.10201622057 21.1485763861
1950 1.09994322498 21.1282156326
