0 4.37863802479 20.7350184536
50 4.33113792706 20.7368572378
100 4.39303272862 20.7352513344
150 4.39918283868 20.7465424391
200 4.39524025512 20.7418341392
250 4.17986838532 20.7153999901
300 3.84383843605 20.7668747238
350 3.52235466858 20.8171314479
400 3.29164927819 20.8637154603
450 3.08997807281 20.8772420923
500 2.92789612869 20.8990770767
550 2.7743348456 20.9102494657
600 2.5693543283 20.9506050626
650 2.44459874478 20.9729318224
700 2.35610899351 20.9709198636
750 2.23130884602 21.019350979
800 2.11416968659 21.036146697
850 2.05232665413 21.0261197757
900 1.96642815798 21.0207008653
950 1.8764679284 21.0440865228
1000 1.82568343887 21.053476364
1050 1.77726870002 21.0629598334
1100 1.71450987086 21.0650106223
1150 1.64839342767 21.0676571397
1200 1.57725243821 21.0759871147
1250 1.55534304723 21.0829127606
1300 1.51534507166 21.0855863668
1350 1.4602333893 21.1060810634
1400 1.41330978777 21.1047657138
1450 1.38257297417 21.1206078747
1500 1.34771940192 21.1137654713
1550 1.29417491279 21.1240732115
1600 1.28018699285 21.1329272476
1650 1.21633826403 21.1397288697
1700 1.21518099802 21.1532783724
1750 1.16025148643 21.1509385579
1800 1.15631066734 21.1466155445
1850 1.09738653731 21.1624940366
1900 1.10761300145 21.1404351798
1950 1.06748309444 21.1298775412
