0 6.30512905544 40.1721563273
50 6.33360004559 40.6949689868
100 6.30631818221 40.4900482052
150 6.35094580345 40.5547041079
200 6.31208040566 40.2170268629
250 6.3202031948 40.4024644081
300 5.99422005171 40.8363334994
350 5.41107055604 40.8385933714
400 4.90340658715 41.0616375627
450 4.47944324331 41.2240465329
500 4.11940430409 41.3947356493
550 3.81314756152 41.5434094215
600 3.54816242435 41.5940050899
650 3.31781567483 41.6785526549
700 3.11589877223 41.7334412445
750 2.93653765796 41.7890097569
800 2.77683221153 41.8276616103
850 2.634612261 41.8191517832
900 2.50513329043 41.9109678617
950 2.38880631379 41.9489797401
1000 2.28147135625 41.9512786459
1050 2.18542376514 41.9828683723
1100 2.09684011864 42.0232962515
1150 2.01451870364 42.0369079074
1200 1.93863590316 42.0346401886
1250 1.86822570801 42.0809390738
1300 1.80196626875 42.1235469125
1350 1.74113574941 42.1247456719
1400 1.6851142692 42.1267601148
1450 1.63109568117 42.1570860777
1500 1.58001751851 42.1351717558
1550 1.53266277605 42.1542464995
1600 1.48866818965 42.2005686806
1650 1.44653277894 42.1874885176
1700 1.40663069475 42.2337792353
1750 1.36925618846 42.2138368262
1800 1.33353890103 42.1628518327
1850 1.30006499505 42.2153871736
1900 1.2677652875 42.251819834
1950 1.23697027837 42.264664915
