0 6.32670021285 40.5334214581
50 6.31727056811 40.5566010619
100 6.32140803574 40.5289745242
150 6.28692075751 40.0219421137
200 6.33110238333 40.4996479596
250 6.31204497517 40.4706058887
300 5.96177811064 40.8696203595
350 5.41185285074 40.8531479339
400 4.9042687974 41.0623675841
450 4.47970359878 41.2490747114
500 4.12082801416 41.4251535066
550 3.81275907807 41.5190815916
600 3.54820871538 41.6240754287
650 3.31837869344 41.6749645855
700 3.11559981111 41.7189409156
750 2.93678049825 41.7710520678
800 2.77705583016 41.8064880118
850 2.63398915557 41.8618853945
900 2.50484888507 41.8849500801
950 2.38766817727 41.8896720565
1000 2.28233409988 41.9574897973
1050 2.1853099716 42.0138834804
1100 2.09727801608 42.0300188306
1150 2.01457202988 42.0057892674
1200 1.93847679932 42.0730861544
1250 1.86759523319 42.0431752417
1300 1.8022878101 42.1121724585
1350 1.74042829036 42.0795654941
1400 1.68402663814 42.1516774734
1450 1.63017603405 42.1584095018
1500 1.58002358932 42.2002617046
1550 1.53273942301 42.1939644429
1600 1.48853373097 42.1822098672
1650 1.44649375459 42.1970010656
1700 1.40676260954 42.2031652039
1750 1.36943964685 42.2569218266
1800 1.33347644796 42.2649940907
1850 1.29951557782 42.2292357891
1900 1.2676968199 42.2336971559
1950 1.23718463354 42.2375220673
