0 6.2918572707 40.0785466333
50 6.31773695332 40.5085222521
100 6.31451027121 40.6209656703
150 6.29998027932 40.5147462323
200 6.33264174664 40.7119024463
250 6.32278237466 40.3151746086
300 5.99417847364 40.8123052152
350 5.4101261756 40.8289925638
400 4.90380816097 41.0674932574
450 4.477983024 41.2615331888
500 4.11990768017 41.4242644203
550 3.81323877381 41.5249790115
600 3.54839903915 41.584430761
650 3.31969180682 41.6438373335
700 3.11598781939 41.7252680076
750 2.93563511131 41.7763671855
800 2.77708535193 41.8376677958
850 2.6343317115 41.9171278022
900 2.50418594855 41.8864714412
950 2.38724126463 41.8909772537
1000 2.28183638057 41.9540701483
1050 2.1864850086 41.9827638702
1100 2.09624668001 42.0229543398
1150 2.01440871234 42.0274508552
1200 1.93897501347 42.0711033502
1250 1.86832195753 42.0707969691
1300 1.80262896665 42.1174656188
1350 1.74145214109 42.0170486686
1400 1.68386134994 42.1405371304
1450 1.63022624809 42.1743778199
1500 1.58045940673 42.1790084047
1550 1.53295645931 42.1914842355
1600 1.488613933 42.2203526077
1650 1.44679335908 42.202582742
1700 1.40651475784 42.2362775322
1750 1.36943675556 42.1912468176
1800 1.33356725594 42.2284189301
1850 1.30030806223 42.2668188647
1900 1.26814569965 42.2359213151
1950 1.2372344892 42.2306424152
