0 6.27632905426 39.7937820762
50 6.32195361792 40.5943096628
100 6.29885704333 40.6696714774
150 6.3338535871 40.5010449337
200 6.30694083073 40.5663466064
250 6.31690302957 40.5015205409
300 5.9872392836 40.83773425
350 5.41144457961 40.8304789308
400 4.90374157098 41.0674700861
450 4.4777347717 41.256934838
500 4.12000811238 41.4477898134
550 3.81336473855 41.5232965928
600 3.54894444844 41.5881117041
650 3.31755715787 41.6871054813
700 3.11626203514 41.7042077037
750 2.93590492094 41.7644429475
800 2.77753563647 41.8194651119
850 2.6335845083 41.8712407908
900 2.50419500722 41.8802776169
950 2.38906826376 41.9578658728
1000 2.2815857643 41.9503778433
1050 2.18558446762 42.008527486
1100 2.09608507908 42.0058947664
1150 2.01458950061 42.0545179937
1200 1.93852197066 42.0616724714
1250 1.86808537708 42.0609077562
1300 1.80265873896 42.1243066102
1350 1.74115665247 42.1316160245
1400 1.68437451902 42.1183987028
1450 1.63096754529 42.1215564109
1500 1.5804532255 42.1394902887
1550 1.5331176548 42.1721832718
1600 1.48891011621 42.1824721059
1650 1.44634365502 42.1886895447
1700 1.406406682 42.2286733958
1750 1.36912712015 42.0874097288
1800 1.33354155193 42.2212869526
1850 1.30005523286 42.2183595792
1900 1.26789480119 42.2975354307
1950 1.23721600157 42.265175836
