0 4.33868085831 20.7360691096
50 4.39742590989 20.7329765194
100 4.3802287792 20.7080416143
150 4.39371004213 20.6938337157
200 4.38023014228 20.7444604913
250 4.04555150955 20.730300108
300 3.78298640551 20.7732218754
350 3.52688967209 20.8098265449
400 3.3066455907 20.8461324398
450 3.0405436822 20.8691591635
500 2.92381244992 20.9050590032
550 2.76108887136 20.9071527867
600 2.57371463769 20.9601051858
650 2.47682401563 20.9815858959
700 2.33041082754 20.9881569779
750 2.22090645881 20.9652387953
800 2.14206677034 20.9686164081
850 2.04376681877 21.0227036119
900 1.93464459212 21.0376466789
950 1.8805025051 21.0363612756
1000 1.81882445728 21.0568452669
1050 1.72858763709 21.0789067139
1100 1.68884376083 21.0694948243
1150 1.64645092591 21.050418291
1200 1.59329994695 21.0954114984
1250 1.55619628967 21.103633584
1300 1.46280965327 21.1230854774
1350 1.4685643453 21.0955167832
1400 1.41203191478 21.0956067118
1450 1.38229662834 21.0939901908
1500 1.28201751361 21.1216329461
1550 1.30050730519 21.1497471833
1600 1.20163833479 21.1451085228
1650 1.24833313772 21.1193844417
1700 1.18528071223 21.126698152
1750 1.19667893429 21.1064603645
1800 1.16310971261 21.1421369321
1850 1.10273209026 21.1285375257
1900 1.11294412992 21.1539893988
1950 1.05798328688 21.1682441892
