0 4.33846460185 20.7215375176
50 4.40419369512 20.7289636713
100 4.3863509255 20.7068272745
150 4.37725832742 20.7318128286
200 4.34392504652 20.7469608179
250 4.12259715846 20.72291423
300 3.79472424245 20.7651502088
350 3.5513205408 20.8097740567
400 3.27970343194 20.8581388782
450 3.06541317274 20.8724928797
500 2.92894859023 20.8827525879
550 2.75060338411 20.8631890648
600 2.62038531645 20.9173785126
650 2.43735837939 20.9527715252
700 2.33996953773 20.9879166779
750 2.20889304734 20.9813791974
800 2.1175628946 20.9887504908
850 2.04778822664 21.0222469953
900 1.94856561637 21.0526967778
950 1.88446447872 21.0432829208
1000 1.77244803554 21.0774825137
1050 1.73720898267 21.0674341265
1100 1.71256532974 21.0695935418
1150 1.65567487854 21.0720521202
1200 1.59754100263 21.0698286924
1250 1.55772327823 21.0713944
1300 1.50763771617 21.0960297337
1350 1.46210906274 21.0853171254
1400 1.37096951996 21.1112991819
1450 1.38756706 21.1087662435
1500 1.34973208353 21.1129013542
1550 1.30567868577 21.1313813466
1600 1.2701423309 21.1113593211
1650 1.24371318215 21.1105759829
1700 1.19618255161 21.1488733556
1750 1.180112487 21.1098651173
1800 1.15005493178 21.1307279108
1850 1.12137654544 21.1543817711
1900 1.10261536333 21.1232077512
1950 1.08660626774 21.1546792999
