0 21.0357805041 24.6540052995
50 15.1192551727 27.5319129644
100 10.2143993831 28.3963149469
150 8.54684904931 28.4015212678
200 7.32295032651 28.4056080998
250 6.41629526831 28.4069536076
300 5.69234703232 28.4083482552
350 5.12195810916 28.408796891
400 4.65793028741 28.4089288222
450 4.26988842514 28.4089965296
500 3.94057633245 28.4089959983
550 3.65896583434 28.4089789775
600 3.41370905002 28.4090080076
650 3.20123272566 28.4089890279
700 3.01231046362 28.4090504212
750 2.84443855297 28.409017424
800 2.69563236184 28.4090288362
850 2.55959121719 28.4090465614
900 2.43793721556 28.4090033133
950 2.32675400599 28.4090403009
1000 2.22776328176 28.4089976169
1050 2.13202668612 28.4090260754
1100 2.04734718083 28.408983944
1150 1.96676955365 28.4090373571
1200 1.89609156392 28.4090042031
1250 1.82778210238 28.4089757387
1300 1.76483262139 28.4090060572
1350 1.70617082331 28.4089869178
1400 1.65104746345 28.4090027734
1450 1.59954036023 28.4089953355
1500 1.55057297732 28.4089906558
1550 1.50548676292 28.4089845684
1600 1.46237256623 28.4090364759
1650 1.42155856167 28.4089836253
1700 1.38302567977 28.4090154673
1750 1.34703309331 28.4089826554
1800 1.31264285977 28.4090554371
1850 1.27962648638 28.4090013622
1900 1.24806740472 28.4090221279
1950 1.21827168124 28.4089824686
