0 21.0812265302 24.604566419
50 14.9728971078 27.412012237
100 10.2998371625 28.3956465402
150 8.57393254898 28.4018700507
200 7.3514104218 28.4051636017
250 6.44924440535 28.4074872881
300 5.71812928779 28.4087408767
350 5.13961043055 28.4090996284
400 4.68051061992 28.4090456447
450 4.27904116159 28.4089549497
500 3.94915916934 28.4089839443
550 3.67366466337 28.4090533217
600 3.42245820475 28.4089972236
650 3.20616215652 28.4089953461
700 3.02007895089 28.4089729972
750 2.84975871445 28.4089887092
800 2.69888138714 28.4090207437
850 2.56564206945 28.4090128118
900 2.4422416247 28.4089945458
950 2.32974868939 28.4089988508
1000 2.22972000955 28.4089930182
1050 2.13673197071 28.4090109346
1100 2.05075833778 28.4090150912
1150 1.97176549084 28.4089936787
1200 1.8979517177 28.4089884099
1250 1.82958835328 28.4090477383
1300 1.76803676187 28.4090120619
1350 1.70826045995 28.4089742661
1400 1.6522417007 28.4090150443
1450 1.60136505382 28.4089949828
1500 1.55303516838 28.4004941268
1550 1.50672278471 28.4090373858
1600 1.46386317404 28.4090005525
1650 1.42257513644 28.4090692518
1700 1.38390553733 28.4090212037
1750 1.34857689497 28.4090167016
1800 1.31304949478 28.4091482126
1850 1.27988416843 28.4090103096
1900 1.24970984815 28.4089689243
1950 1.21996604268 28.4090378459
