0 21.0201587998 24.6076530854
50 15.1287991575 27.6364744018
100 10.2366305345 28.3964115709
150 8.55537701841 28.4025700806
200 7.33244222737 28.3848304066
250 6.40377945297 28.407591185
300 5.69260551567 28.4085882891
350 5.12808604477 28.4087892895
400 4.65600594802 28.4090525924
450 4.27119647329 28.4090032481
500 3.93815337771 28.4089569956
550 3.65708699068 28.4089465585
600 3.41340745494 28.4089402176
650 3.20017316343 28.4090498779
700 3.01264185896 28.4089944806
750 2.84470226317 28.4090072679
800 2.69481866038 28.4090306624
850 2.56129616126 28.4089534567
900 2.43893506048 28.4090131624
950 2.32773398889 28.4089971764
1000 2.22594672099 28.4089939423
1050 2.13298297164 28.4090469742
1100 2.04805737903 28.4089877074
1150 1.96813216552 28.4090549028
1200 1.89684170974 28.4089985396
1250 1.82799790823 28.4090675099
1300 1.76461326558 28.4090091198
1350 1.70536521953 28.4090510709
1400 1.65110115976 28.40905774
1450 1.59878900874 28.4090128051
1500 1.55157728935 28.4089784654
1550 1.50614302312 28.4089584461
1600 1.46213610462 28.408987681
1650 1.42157875532 28.4090124799
1700 1.38311010149 28.4090751375
1750 1.34668147036 28.4089383918
1800 1.31177495583 28.4089853638
1850 1.27996254486 28.4090244
1900 1.24853984397 28.4089317659
1950 1.21820870606 28.4091111877
