0 21.0528621169 24.0899946423
50 15.0230757285 27.3724454349
100 10.306410553 28.395673412
150 8.5718953727 28.4016389967
200 7.35149230056 28.4049513869
250 6.43747008882 28.4072271343
300 5.71986619892 28.4081255783
350 5.14067948123 28.4090807111
400 4.6759152145 28.4090209593
450 4.28514919094 28.4089801888
500 3.94820927911 28.4089959773
550 3.67020579556 28.4089954277
600 3.42262579572 28.4090399884
650 3.20746595692 28.4090193136
700 3.02165269089 28.4089678225
750 2.84976336388 28.4089871048
800 2.69878504218 28.4090079554
850 2.56495293408 28.4090161885
900 2.44291236266 28.4090307252
950 2.32929966007 28.4090391644
1000 2.23004239283 28.408988166
1050 2.13704776104 28.409027675
1100 2.05000139096 28.4089943097
1150 1.97186722842 28.4089804669
1200 1.89760978727 28.4090253137
1250 1.82925311609 28.4089830214
1300 1.76824312463 28.4090371591
1350 1.70801947925 28.4089846962
1400 1.65181263072 28.4090283709
1450 1.60160574003 28.4090073032
1500 1.55337464455 28.4089976107
1550 1.50634971414 28.4090840219
1600 1.46384347247 28.4089615604
1650 1.42269081832 28.4090195399
1700 1.38405839926 28.408943734
1750 1.34816047001 28.4090100131
1800 1.31386003913 28.4089575936
1850 1.27989342863 28.4089820838
1900 1.24963667024 28.4089833805
1950 1.21990543246 28.4090354156
