0 21.062849025 24.5857776084
50 15.0050010314 27.6075675848
100 10.3017208238 28.3958683038
150 8.58852637259 28.4022305489
200 7.36475647689 28.4055608325
250 6.4382250615 28.4076798148
300 5.72588380588 28.4085803316
350 5.14048362527 28.4086392507
400 4.67657025412 28.4090180261
450 4.27950427516 28.4090640438
500 3.94856508251 28.4089499342
550 3.67246142576 28.4089903556
600 3.42292102572 28.4090059014
650 3.20772566672 28.4089738412
700 3.01911253872 28.4090189596
750 2.84954995225 28.4089804258
800 2.69856949763 28.4090345056
850 2.56637236236 28.4090198363
900 2.44185426305 28.4089647429
950 2.32936522513 28.4090255407
1000 2.22965743191 28.4089959808
1050 2.13606448011 28.4090076394
1100 2.04977822111 28.4090121887
1150 1.97245318314 28.4090174259
1200 1.89775562171 28.4089848703
1250 1.82989560105 28.4089919307
1300 1.76789106306 28.4090245111
1350 1.70807642896 28.4090005975
1400 1.65213638562 28.4090637481
1450 1.60133219928 28.4090046934
1500 1.55264339178 28.4089887836
1550 1.50651853446 28.4090480782
1600 1.4635984989 28.4090315202
1650 1.42257001871 28.4089780916
1700 1.3834863719 28.4090506463
1750 1.34768288241 28.4090600189
1800 1.31266978903 28.4089970335
1850 1.27902370383 28.4090487429
1900 1.24981444676 28.4090336984
1950 1.21954867459 28.4090415673
