0 21.0292530071 24.4970624615
50 15.0882552823 27.5500421193
100 10.206639145 28.3969215267
150 8.55708722326 28.4028044706
200 7.33789271734 28.4058713089
250 6.40673100876 28.4076433134
300 5.69373963017 28.4085354587
350 5.12465350675 28.4090563964
400 4.6550258306 28.4090360879
450 4.26748023493 28.4089975676
500 3.94150002957 28.409013826
550 3.66116220562 28.4090075536
600 3.41613570141 28.4090015665
650 3.20053736467 28.4090012302
700 3.01258772753 28.409092883
750 2.84541695492 28.4089766718
800 2.69444736295 28.4090785812
850 2.56044445393 28.4090139619
900 2.43773585712 28.4089533848
950 2.3272707057 28.408966601
1000 2.2267343485 28.4090352975
1050 2.13328552497 28.4089572407
1100 2.04758177554 28.4089686794
1150 1.96939348277 28.4090298417
1200 1.89655109155 28.4090237935
1250 1.8276661065 28.4090290293
1300 1.76455528273 28.409035074
1350 1.70616166262 28.4089494267
1400 1.65037720288 28.4089516688
1450 1.59945264031 28.4090113138
1500 1.55049330213 28.4090615976
1550 1.50476479598 28.4090107285
1600 1.46240913121 28.4089983163
1650 1.42138768185 28.4090637716
1700 1.38271404985 28.4090770118
1750 1.34656683667 28.4090334944
1800 1.31208483111 28.4089899096
1850 1.27943358871 28.4090306016
1900 1.24798232865 28.4089834579
1950 1.21813444257 28.4090008419
