0 21.0611757252 24.5778400706
50 15.137007737 27.642600495
100 10.2184115623 28.3959534145
150 8.55803113892 28.401982764
200 7.32566975641 28.4055821362
250 6.41985271016 28.406894819
300 5.6924414732 28.4086038092
350 5.12645271133 28.4086722223
400 4.65758750813 28.4089567757
450 4.27042893635 28.4089819531
500 3.94174343574 28.4090178509
550 3.65906081786 28.409013607
600 3.41291816775 28.4090486652
650 3.20104802034 28.4090296674
700 3.01403922571 28.4090761317
750 2.84451025996 28.4089774487
800 2.69406777748 28.4090719932
850 2.56090556799 28.4090084245
900 2.43866940134 28.4090108918
950 2.32704795042 28.4090124076
1000 2.22533884359 28.4089898756
1050 2.13257999579 28.4089726561
1100 2.04696688663 28.4090421382
1150 1.96799991409 28.4090033959
1200 1.89555572493 28.4090569192
1250 1.8272442649 28.4089857654
1300 1.76484889745 28.4089699002
1350 1.70646420758 28.4089700571
1400 1.65085435749 28.4089910139
1450 1.59948882441 28.4089822802
1500 1.5507764092 28.4089981736
1550 1.50539310333 28.4089951818
1600 1.46216366988 28.4090143423
1650 1.42171322658 28.4090276473
1700 1.38323949395 28.4090047377
1750 1.34686751078 28.4090028966
1800 1.31207734879 28.4089887799
1850 1.27939469268 28.409003594
1900 1.24834355659 28.4090279658
1950 1.21868535809 28.4090088613
