0 21.0869390299 24.528561977
50 15.1055862006 27.2813699278
100 10.2217486232 28.3960432327
150 8.55344825621 28.4022004012
200 7.32180760522 28.4047152211
250 6.40509268316 28.4073895294
300 5.69152238026 28.4087024438
350 5.12215908745 28.4087356766
400 4.65532476903 28.4090017071
450 4.26775345135 28.4089495233
500 3.94094161587 28.4090307423
550 3.65795132391 28.4090070773
600 3.41166268377 28.408995338
650 3.20132089021 28.4091072369
700 3.01279166739 28.409047642
750 2.84418772005 28.4089666779
800 2.69508617919 28.4090256993
850 2.5586857195 28.4090025635
900 2.43671428099 28.4090149671
950 2.32757686523 28.4089723357
1000 2.22479424277 28.4090292919
1050 2.13214811761 28.4089975151
1100 2.04729156922 28.4090428161
1150 1.96900794316 28.3485501017
1200 1.89507796583 28.4089951281
1250 1.82734059749 28.4090528716
1300 1.76457866423 28.4090102867
1350 1.70678118654 28.4089776592
1400 1.65198013436 28.4090099946
1450 1.59937220214 28.4089770321
1500 1.55116527157 28.4089998039
1550 1.50480410449 28.409021804
1600 1.46337505219 28.4089675511
1650 1.42157881805 28.4090618814
1700 1.38516124382 28.4089588418
1750 1.34931977063 28.4090952468
1800 1.31221174362 28.4090162118
1850 1.27827623769 28.4089347897
1900 1.2481747513 28.4089708676
1950 1.21838208038 28.4089971561
