60 1 14.4572344451 14.4585945174
128 1 14.4572344451 14.4585945174
256 1 8.2236894974 8.22359513058
512 1 4.46436234145 4.46392730737
768 1 2.33207668824 2.33207268662
1024 1 1.57828449295 1.57824848048
1200 1 1.19274817836 1.19272352132
1500 1 1.0212442457 1.02120475761
60 2 21.0838220433 29.7596965331
128 2 21.0971133944 29.751185627
256 2 16.4473556847 16.4472575373
512 2 8.92868800505 8.92813819
768 2 4.66414802557 4.66410010545
1024 2 3.15656996045 3.15649147379
1200 2 2.38547939766 2.38548762367
1500 2 2.04248429946 2.04243504551
60 3 1.64041803133 1.64039353403
128 3 20.416687613 37.5656056218
256 3 12.2878539953 12.7716046582
512 3 13.3929803954 13.3920995236
768 3 5.24093536315 6.99614621642
1024 3 3.74434785088 4.73471030485
1200 3 3.16508754166 3.57819976113
1500 3 2.91560446203 3.06370962879
60 4 2.46059059373 2.46056189895
128 4 19.6357571998 37.6852074218
256 4 11.005105512 11.5749027707
512 4 12.2373396404 17.8550158588
768 4 5.6432461299 9.32823265093
1024 4 3.80512027357 6.31301384061
1200 4 3.77954612078 4.77089686822
1500 4 3.30749480472 4.08494600375
