60 1 14.4774818404 14.4789590658
128 1 14.4774818404 14.4789590658
256 1 8.2236222353 8.22358401366
512 1 4.46433110006 4.46398621201
768 1 2.33209594451 2.33206033015
1024 1 1.5782867594 1.57825331958
1200 1 1.19274721579 1.19272739794
1500 1 1.02124111701 1.02121517253
60 2 21.111583411 29.7592810574
128 2 21.0310701484 29.7599796781
256 2 16.4472638848 16.4474060503
512 2 8.92868523619 8.92806296167
768 2 4.66417693805 4.66413169226
1024 2 3.15655946243 3.15652562192
1200 2 2.38548937156 2.38544001141
1500 2 2.04247364554 2.04247259809
60 3 1.64041034964 1.64040466613
128 3 20.0732335226 37.5723860264
256 3 12.2632032601 12.7345361961
512 3 13.3927958341 13.3923072233
768 3 5.42534660019 6.99619148612
1024 3 3.99708826994 4.73471920091
1200 3 3.24628657118 3.57814538802
1500 3 2.81042056907 3.06368104639
60 4 2.46059428757 2.46055167926
128 4 19.587185398 37.6976735237
256 4 11.1735240187 11.6006546457
512 4 12.001929322 17.8552125382
768 4 5.57124547808 9.32823998122
1024 4 3.88520521759 6.31301770584
1200 4 3.79278566298 4.77091843464
1500 4 3.4906447716 4.08487966744
