60 1 14.4377082839 14.4395373109
128 1 14.4377082839 14.4395373109
256 1 8.22365551008 8.22361367573
512 1 4.46437371391 4.46404478838
768 1 2.33208509696 2.33206969949
1024 1 1.57828034407 1.57828085379
1200 1 1.19274578208 1.19274286355
1500 1 1.0212403245 1.02119489878
60 2 20.9250223947 29.7602368328
128 2 21.0712577505 29.7578865874
256 2 16.4473100993 16.4472969571
512 2 8.92869367826 8.92799205969
768 2 4.66418997785 4.66415601817
1024 2 3.15656459076 3.15651077395
1200 2 2.38548937339 2.38546241662
1500 2 2.04247935629 2.04240661315
60 3 1.64042272372 1.64035108729
128 3 20.0850463482 37.567520649
256 3 12.2953265019 12.772351833
512 3 13.3930396566 13.3920580006
768 3 5.07113375088 6.99615014431
1024 3 3.95330475339 4.73473578703
1200 3 3.18131881821 3.57819526642
1500 3 2.84983144806 3.06369166163
60 4 2.46059072587 2.46056718108
128 4 19.7174205213 37.6535724153
256 4 11.0130181698 11.5787918017
512 4 11.8717895062 17.855422266
768 4 5.29582428701 9.3282666267
1024 4 4.05143115144 6.31301238049
1200 4 3.85523575993 4.7709432188
1500 4 3.49104389248 4.08491219253
