60 1 14.4283661356 14.4316228621
128 1 14.4283661356 14.4316228621
256 1 8.22366698762 8.22353872751
512 1 4.4643385269 4.46404310663
768 1 2.33210622574 2.33202880108
1024 1 1.57828242019 1.57826629685
1200 1 1.1927426602 1.19271084881
1500 1 1.02124383439 1.02118656718
60 2 21.1627840138 29.7595575367
128 2 20.9425006748 29.7601061767
256 2 16.4473504863 16.4471355565
512 2 8.9286838146 8.92816890492
768 2 4.66418333371 4.66414701518
1024 2 3.15654858053 3.15648088024
1200 2 2.38548976992 2.38541136359
1500 2 2.04247177753 2.04241158329
60 3 1.64042049451 1.64038757486
128 3 20.5118214397 37.5962779786
256 3 12.1633205222 12.646425619
512 3 13.3929577151 13.3921113195
768 3 5.646466493 6.99616460048
1024 3 3.93328196291 4.73474284968
1200 3 3.24893387511 3.57816988794
1500 3 2.808875728 3.06367705858
60 4 2.46059462924 2.46064773275
128 4 19.7436960859 37.5879742488
256 4 10.9686198278 11.5554420529
512 4 12.3979985627 17.8559565313
768 4 5.78065865954 9.32826880299
1024 4 4.08794516778 6.31297768099
1200 4 3.85587725306 4.77088010557
1500 4 3.47436962917 4.08489821196
