60 1 14.4576146697 14.4592324642
128 1 14.4576146697 14.4592324642
256 1 8.22367710475 8.22377447692
512 1 4.46432017968 4.46407291142
768 1 2.33209486496 2.33205718662
1024 1 1.57828941103 1.57825146792
1200 1 1.19274709746 1.19272876404
1500 1 1.02123822027 1.02119315125
60 2 20.9734061187 29.7594524997
128 2 21.0464000281 29.7586259075
256 2 16.4474019689 16.4470383732
512 2 8.92869014804 8.92815609965
768 2 4.6641842253 4.66412837845
1024 2 3.15657187755 3.15648899063
1200 2 2.38550063934 2.3854182073
1500 2 2.04247510511 2.04241016712
60 3 1.64041355918 1.64039272301
128 3 20.3319464327 37.6213327101
256 3 12.1853784984 12.6678680408
512 3 13.3655968801 13.3799310093
768 3 5.35063599841 6.99620701388
1024 3 3.84973733555 4.73472585505
1200 3 3.2718167002 3.5781687868
1500 3 2.84161654323 3.06367736675
60 4 2.46060391696 2.46061166284
128 4 19.729063622 37.6331540533
256 4 11.0854124576 11.6544294425
512 4 11.940198616 17.8560514542
768 4 5.58362154007 9.32826227123
1024 4 4.00077977852 6.31290964672
1200 4 3.89065374948 4.77092173356
1500 4 3.44642226475 4.08492424359
