60 1 14.4640485031 14.4671131123
128 1 14.4640485031 14.4671131123
256 1 8.22367473498 8.22362797272
512 1 4.46438100815 4.46409326163
768 1 2.332080103 2.33209079461
1024 1 1.57827583988 1.57828213459
1200 1 1.19273927783 1.19271080793
1500 1 1.02123722343 1.021209122
60 2 21.0600802081 29.7598453245
128 2 21.1132026538 29.7590808702
256 2 16.4473297906 16.4473051917
512 2 8.92863446111 8.92814523836
768 2 4.66419331319 4.66415594491
1024 2 3.15655095768 3.15649683578
1200 2 2.38548382872 2.38545076801
1500 2 2.0424843469 2.0423940418
60 3 1.64041698044 1.64038508235
128 3 20.3914767716 37.5915548805
256 3 12.412857727 12.8489939606
512 3 13.3930012721 13.3920355416
768 3 5.56243359987 6.99617653362
1024 3 3.89338176661 4.73473400999
1200 3 3.23648577641 3.57815970175
1500 3 2.83926604557 3.0637338121
60 4 2.46059425436 2.46066299374
128 4 19.7625264445 37.642975377
256 4 11.1193136943 11.62812491
512 4 11.962500149 17.8560967389
768 4 6.24994049565 9.32828006008
1024 4 4.12660636954 6.3129378812
1200 4 3.75671894894 4.77079876911
1500 4 3.42520501605 4.08491532279
