60 21.060080 29.759845
128 21.113203 29.759081
256 16.447330 16.447305
512 13.393001 13.392036
768 6.249940 9.328280
1024 4.126606 6.312938
1200 3.756719 4.770799
1500 3.425205 4.084915
60 21.111583 29.759281
128 21.031070 29.759980
256 16.447264 16.447406
512 13.392796 13.392307
768 5.571245 9.328240
1024 3.997088 4.734719
1200 3.792786 4.770918
1500 3.490645 4.084880
60 21.099601 29.759949
128 21.179004 29.759696
256 16.447333 16.447282
512 13.392948 13.392271
768 5.694874 9.328279
1024 4.341913 4.734722
1200 3.797701 4.770892
1500 3.509837 4.084901
60 21.172932 29.759997
128 21.110071 29.759788
256 16.447265 16.447292
512 13.392915 13.392143
768 5.967270 9.328267
1024 4.007334 6.312940
1200 3.736787 4.770944
1500 3.857695 4.084912
60 21.162784 29.759558
128 20.942501 29.760106
256 16.447350 16.447136
512 13.392958 13.392111
768 5.780659 9.328269
1024 4.087945 6.312978
1200 3.855877 4.770880
1500 3.474370 4.084898
60 21.018399 29.760024
128 20.925600 29.758927
256 16.447308 16.447237
512 13.393016 13.392147
768 5.445308 9.328258
1024 3.984445 4.734714
1200 3.627824 4.770937
1500 3.886494 4.084910
60 20.925022 29.760237
128 21.071258 29.757887
256 16.447310 16.447297
512 13.393040 13.392058
768 5.295824 9.328267
1024 4.051431 6.313012
1200 3.855236 4.770943
1500 3.491044 4.084912
60 20.973406 29.759452
128 21.046400 29.758626
256 16.447402 16.447038
512 13.365597 13.379931
768 5.583622 9.328262
1024 4.000780 6.312910
1200 3.890654 4.770922
1500 3.446422 4.084924
60 21.083822 29.759697
128 21.097113 29.751186
256 16.447356 16.447258
512 13.392980 13.392100
768 5.643246 9.328233
1024 3.805120 6.313014
1200 3.779546 4.770897
1500 3.307495 4.084946
