60 1 14.4812897619 14.4835712242
128 1 14.4812897619 14.4835712242
256 1 8.22368299396 8.22363683674
512 1 4.46436946522 4.46403768219
768 1 2.3320901151 2.33203717089
1024 1 1.57828862323 1.57824010538
1200 1 1.19274370213 1.19274961261
1500 1 1.02124225509 1.02120900855
60 2 21.0996010246 29.7599492977
128 2 21.1790036744 29.7596963921
256 2 16.447333092 16.4472821058
512 2 8.92869208589 8.92817243054
768 2 4.66420085648 4.66414152155
1024 2 3.15656961128 3.15650791977
1200 2 2.38549145631 2.38544778816
1500 2 2.04246584849 2.04241420797
60 3 1.64040979318 1.64040742906
128 3 20.3154880568 37.5708606825
256 3 12.3405070268 12.7864404046
512 3 13.3929479913 13.3922711956
768 3 5.51187910531 6.99615789233
1024 3 4.34191320696 4.73472247367
1200 3 3.17018878887 3.5782139162
1500 3 2.86698840194 3.06371153832
60 4 2.46058562313 2.46055095291
128 4 19.5793538794 37.6352036668
256 4 11.0541286365 11.6476672753
512 4 11.7644267915 17.8557322591
768 4 5.69487366774 9.32827854654
1024 4 4.02124782132 6.3129791342
1200 4 3.79770078602 4.77089241885
1500 4 3.50983693286 4.08490147288
