60 1 14.4724239655 14.4734586558
128 1 14.4724239655 14.4734586558
256 1 8.22367809343 8.22362746621
512 1 4.46436300203 4.46404559433
768 1 2.33209016433 2.33203603288
1024 1 1.57828624089 1.57824321067
1200 1 1.1927473336 1.19272853179
1500 1 1.02124497183 1.02119419013
60 2 21.1729321982 29.7599971885
128 2 21.1100709578 29.7597882624
256 2 16.4472654395 16.4472917331
512 2 8.92868366259 8.92815446059
768 2 4.66416964488 4.66413450937
1024 2 3.15657235993 3.15647370377
1200 2 2.38547718115 2.38544412921
1500 2 2.04248369428 2.0424114401
60 3 1.64046072798 1.64041249166
128 3 20.3871695535 37.6046415027
256 3 12.4421284618 12.8878003759
512 3 13.3929146544 13.3921431881
768 3 5.45225760768 6.99617230575
1024 3 3.85299511151 4.73474969142
1200 3 3.19511779556 3.57819148419
1500 3 2.93413267115 3.06369438735
60 4 2.4606153992 2.46057961153
128 4 19.7109765917 37.6301458233
256 4 11.05203699 11.6956392447
512 4 12.0862113752 17.8561512674
768 4 5.96726962125 9.32826710101
1024 4 4.00733438248 6.31293988066
1200 4 3.73678721702 4.77094405595
1500 4 3.85769540882 4.08491216025
