60 1 14.4309996384 14.4323869729
128 1 14.4309996384 14.4323869729
256 1 8.22358023703 8.22371596119
512 1 4.46433095301 4.46407880148
768 1 2.33208662002 2.33206266624
1024 1 1.57827652893 1.57826496658
1200 1 1.19274791925 1.19271205121
1500 1 1.02123829694 1.02121145446
60 2 21.0183989114 29.7600237829
128 2 20.9255997558 29.7589268489
256 2 16.447308408 16.4472367429
512 2 8.92870042166 8.92817414033
768 2 4.66419049582 4.66413254535
1024 2 3.15657109375 3.15650594232
1200 2 2.38547711565 2.38545711767
1500 2 2.04247226505 2.04244842662
60 3 1.64041177227 1.64040918376
128 3 20.3071115001 37.5358840828
256 3 12.3654187179 12.8249256938
512 3 13.3930158606 13.3921468429
768 3 5.23402247011 6.99619151231
1024 3 3.98444498765 4.73471363575
1200 3 3.2457802384 3.57820266073
1500 3 2.90023725066 3.06365348447
60 4 2.46059866971 2.46059008654
128 4 19.7374114002 37.6200662898
256 4 11.0982951334 11.6516239092
512 4 11.779083772 17.8554722416
768 4 5.44530829377 9.32825840463
1024 4 3.95734598815 6.31301904963
1200 4 3.62782352884 4.77093681412
1500 4 3.88649399626 4.08491043774
